1MM9A
GITGTWYNQLGSTFIVTAGADGALTGTYESAVGNAESRYVLTGRYDSAPGRGDSPGSGTALGWTVAWKNNYRNAHSATTWSGQYVGGAEARINTQWLLTSGTTEANAWKSTLVGHDTFTKVKPSAAS
CCCEEEECCCCCEEEEEECCCCEEEEEEECCCCCCCCEEEEEEEECCCCCCCCCCCCCEEEEEEEEEECCCCEEEEEEEEEEEEECCCCCEEEEEEEEEECCCHHHHHHCEEEEEEEEECCCCCCCC
0 0 0 0 0 0 0 0 0 0 0 0 0 0 0 0 0 0 0 0 0 0 0 0 0 0 0 0 0 0 0 0 0 0 0 0 0 0 0 0 0 0 0 0 0 0 0 0 0 0 0 0 0 0 0 0 0 0 0 0 0 0 0 0 0 0 0 0 0 0 0 0 0 0 0 0 0 0 0 0 0 0 0 0 0 0 0 0 0 0 0 0 0 0 0 0 0 0 0 0 0 0 0 0 0 0 0 0 0 0 0 0 0 0 0 0 0 0 0 0 0 0 0 0 0 0 0 
0 0 0 0 0 0 0 0 0 0 0 0 0 0 0 0 0 0 0 0 0 0 0 0 0 0 0 0 0 0 0 0 0 0 0 0 0 0 0 0 0 0 0 0 0 0 0 0 0 0 0 0 0 0 0 0 0 0 0 0 0 0 0 0 0 0 0 0 0 0 0 0 0 0 0 0 0 0 0 0 0 0 0 0 0 0 0 0 0 0 0 0 0 0 0 0 0 0 0 0 0 0 0 0 0 0 0 0 0 0 0 0 0 0 0 0 0 0 0 0 0 0 0 0 0 0 0 
0 0.00368093 0.00401655 0.00398882 0.00560599 0.0128163 0.00727544 0.844955 0.010546 0.0859372 0.00836627 0.0141257 0.00817636 0.0337871 0.00820663 0.0294894 0.029963 0.00922615 0.0233216 0.0088369 0.0326397 0.00857916 0.0186449 0.00849116 0.0460304 0.00966816 0.00862462 0.0116836 0.00837506 0.0142142 0.00832284 0.0161555 0.00837047 0.0137915 0.00951872 0.0089083 0.00910773 0.00807746 0.00994087 0.00829872 0.00945405 0.0080946 0.0100069 0.00791045 0.0106198 0.00793339 0.00894095 0.0104959 0.00809971 0.0136549 0.00801304 0.00974442 0.00796532 0.00952797 0.00814111 0.00942616 0.00819152 0.0101423 0.00856207 0.00879491 0.00796704 0.00896638 0.00793754 0.00870308 0.00805582 0.00929121 0.00961892 
0.00368093 0 0.00419466 0.00430015 0.00579492 0.00560285 0.915879 0.0115373 0.0600081 0.00659209 0.0103714 0.00773788 0.0281132 0.00776644 0.0271677 0.00911072 0.00986222 0.0145076 0.00870263 0.0973992 0.00837232 0.0219035 0.00836771 0.0399451 0.00846952 0.00868805 0.0104209 0.00845862 0.0200949 0.008391 0.0192799 0.00841499 0.0211742 0.00845396 0.01081 0.00823666 0.00833655 0.00940031 0.00826206 0.0102585 0.00824786 0.011658 0.00810858 0.0108888 0.00818309 0.0101829 0.00827743 0.00835238 0.0122271 0.0081044 0.0112433 0.00814062 0.0101587 0.00811294 0.010541 0.00811604 0.00955378 0.00825564 0.00854063 0.00798175 0.00889079 0.00803003 0.00862394 0.0080789 0.0098287 0.00823681 0.00862547 
0.00401655 0.00419466 0 0.00361738 0.00544512 0.936744 0.00799405 0.0415023 0.00609477 0.0105058 0.00761877 0.0447139 0.00771322 0.0198098 0.00819649 0.0131807 0.00851005 0.00857718 0.0530807 0.00858506 0.0176773 0.00840072 0.0222204 0.00859582 0.00967673 0.00918253 0.00860185 0.0110947 0.00852735 0.0144904 0.00839892 0.0126551 0.00853552 0.0122944 0.00831847 0.00812413 0.00908748 0.00812206 0.00922004 0.00852783 0.00911579 0.00819134 0.0100294 0.0081911 0.0095503 0.00815642 0.00899743 0.00826864 0.00818632 0.0121026 0.0081451 0.009233 0.00806912 0.00935209 0.00829802 0.00942892 0.00814599 0.00814088 0.00801508 0.00849834 0.00808454 0.00909253 0.0080144 0.00871223 0.00818878 0.00900486 0.00829078 
0.00398882 0.00430015 0.00361738 0 0.966055 0.00791786 0.0161711 0.00462472 0.00764875 0.00605233 0.0259167 0.00820714 0.0108151 0.00752994 0.012838 0.00807248 0.0137546 0.0586541 0.00911139 0.0121255 0.00851821 0.0161751 0.00844761 0.00984355 0.00909628 0.0145272 0.0101206 0.00844565 0.011847 0.00829131 0.0128195 0.00840834 0.00962565 0.00838271 0.0098228 0.0109666 0.00818801 0.00856198 0.00830519 0.00891465 0.00822195 0.0101622 0.0081212 0.00878662 0.00811931 0.00848539 0.00823934 0.00853825 0.0148571 0.00826171 0.00880924 0.00810344 0.00839228 0.00822791 0.00859569 0.00820846 0.00815882 0.0083372 0.0118388 0.00806938 0.00833692 0.00794589 0.00840577 0.00804796 0.00857395 0.0081503 0.00898134 
0.00560599 0.00579492 0.00544512 0.966055 0 0.00375713 0.00364698 0.00358963 0.0047362 0.00752115 0.00748914 0.00637124 0.00861791 0.00673248 0.019174 0.0277188 0.863566 0.0150555 0.0100388 0.0181508 0.00897628 0.0152861 0.00880036 0.0186361 0.0144066 0.01259 0.0099152 0.00883172 0.010796 0.00861847 0.0165965 0.00867039 0.0125549 0.0092698 0.0301267 0.0102425 0.00892397 0.00860564 0.00842176 0.0087281 0.00832499 0.00950807 0.00828516 0.00919398 0.00824889 0.00936248 0.00862779 0.0155146 0.0150142 0.00851332 0.00962813 0.0081507 0.00855067 0.00841489 0.00988024 0.00825688 0.00986024 0.011844 0.0101538 0.00805736 0.00859076 0.0080883 0.00825286 0.00806712 0.00901897 0.00845482 0.0145085 
0.0128163 0.00560285 0.936744 0.00791786 0.00375713 0 0.00359166 0.00359698 0.00385834 0.00422023 0.00582107 0.0105103 0.00671897 0.0439783 0.0137027 0.935766 0.0114741 0.00888198 0.0488882 0.00907031 0.0382167 0.00879496 0.0332312 0.00923964 0.0176844 0.0105738 0.0113429 0.0219865 0.00906998 0.0443419 0.00881753 0.0346076 0.00903264 0.0335963 0.0096689 0.00874651 0.0105836 0.00859506 0.0133587 0.0100627 0.0177528 0.00892406 0.0180822 0.00839634 0.0161784 0.00839436 0.0125171 0.00897269 0.00848551 0.0233962 0.00853753 0.0174543 0.00824138 0.0188119 0.00874149 0.0154184 0.00861103 0.00937979 0.00869787 0.0112127 0.00843357 0.0113741 0.00825405 0.0114184 0.00838354 0.013753 0.00923272 
0.00727544 0.915879 0.00799405 0.0161711 0.00364698 0.00359166 0 0.00358691 0.00371365 0.00360576 0.00920934 0.00625726 0.0315054 0.00933514 0.958332 0.00760605 0.00836028 0.0182621 0.00890223 0.070729 0.00905091 0.0588308 0.00861087 0.0213234 0.00871291 0.0111084 0.0177754 0.00987518 0.08576 0.0097363 0.0559404 0.00940906 0.0999488 0.00899151 0.0106028 0.00948246 0.0086612 0.0180925 0.00970253 0.0193654 0.0103885 0.0326118 0.00914356 0.0306775 0.00881258 0.0287543 0.00882138 0.00881338 0.0153026 0.00870288 0.0329609 0.00918396 0.020702 0.00935579 0.0382478 0.00927412 0.0109818 0.00854584 0.0107354 0.00857738 0.0176161 0.00865256 0.0148059 0.00859691 0.0339343 0.00889102 0.00917077 
0.844955 0.0115373 0.0415023 0.00462472 0.00358963 0.00359698 0.00358691 0 0.00359112 0.00359791 0.00424628 0.0327278 0.00771084 0.957781 0.00658522 0.00906272 0.00697255 0.00810108 0.0325289 0.00862399 0.0851133 0.00833527 0.0401246 0.00839802 0.0158289 0.0096033 0.00930033 0.0506554 0.00885573 0.0600812 0.00879474 0.10119 0.00896962 0.0197836 0.0083917 0.00834143 0.0116532 0.00851992 0.0185247 0.00993464 0.0241295 0.00858422 0.0414479 0.0084435 0.0336824 0.00856267 0.0106852 0.00844296 0.00833282 0.0323595 0.00835298 0.0251223 0.00842347 0.0412694 0.00869133 0.0246437 0.00839179 0.00857365 0.00847724 0.0122154 0.00859295 0.0166551 0.00838223 0.0238677 0.00850848 0.012358 0.00858992 
0.010546 0.0600081 0.00609477 0.00764875 0.0047362 0.00385834 0.00371365 0.00359112 0 0.00357852 0.0188523 0.0117051 0.846229 0.00572839 0.00919081 0.00755141 0.00762376 0.0221536 0.0102131 0.0344085 0.00844835 0.0415795 0.00835703 0.0371765 0.00863033 0.0131208 0.0241123 0.0088167 0.0365201 0.00862053 0.056231 0.00865428 0.0282089 0.00899163 0.0119863 0.0101258 0.0084871 0.014039 0.00861211 0.0151608 0.00851791 0.0197062 0.00830637 0.0199917 0.00840031 0.0138646 0.00915549 0.00858556 0.0225371 0.00845932 0.0198602 0.00821425 0.0121171 0.00862542 0.0171465 0.00844538 0.0113303 0.00830907 0.0143679 0.00846575 0.0129033 0.00816944 0.0126899 0.00814393 0.013386 0.00843541 0.00884931 
0.0859372 0.00659209 0.0105058 0.00605233 0.00752115 0.00422023 0.00360576 0.00359791 0.00357852 0 0.0165506 0.862948 0.00428874 0.00759913 0.00519365 0.00957141 0.00923849 0.0126291 0.0293119 0.0084503 0.0181557 0.00846683 0.0180051 0.00837761 0.0546239 0.0341981 0.00938051 0.0120098 0.00845346 0.0217905 0.00856311 0.013612 0.00846184 0.0118226 0.00907108 0.0106953 0.0108506 0.00815319 0.0101494 0.00850846 0.0174144 0.00818946 0.0120305 0.00815285 0.0129004 0.00817078 0.00906808 0.00964416 0.00980932 0.0155858 0.00806208 0.0101941 0.00811162 0.0110651 0.00822293 0.0102405 0.00833036 0.0104065 0.0112524 0.00997406 0.00807683 0.00984888 0.0080393 0.00907304 0.00807604 0.00965202 0.0101907 
0.00836627 0.0103714 0.00761877 0.0259167 0.00748914 0.00582107 0.00920934 0.00424628 0.0188523 0.0165506 0 0.00431786 0.0035833 0.00359766 0.00380547 0.00392757 0.00747509 0.0185468 0.00789774 0.014756 0.00819793 0.0143239 0.00973404 0.855553 0.0254025 0.0128373 0.0117167 0.00872766 0.0115905 0.00872605 0.0139359 0.00872545 0.0134705 0.00933459 0.0333961 0.0115679 0.0085741 0.00929191 0.0087443 0.00933965 0.00865429 0.0102384 0.00839829 0.00956701 0.00842886 0.0143212 0.00898794 0.0145894 0.0181093 0.00846431 0.0106565 0.00838498 0.00928338 0.00852478 0.0158942 0.00845451 0.0104438 0.0131919 0.0103277 0.00831431 0.00847256 0.00817946 0.00865073 0.0080983 0.00934945 0.00895909 0.0177451 
0.0141257 0.00773788 0.0447139 0.00820714 0.00637124 0.0105103 0.00625726 0.0327278 0.0117051 0.862948 0.00431786 0 0.0035858 0.00366412 0.00359311 0.00600919 0.0042918 0.00693001 0.0170101 0.00808269 0.0282617 0.00862663 0.89244 0.00913461 0.0133141 0.00904733 0.0090957 0.0149099 0.00847308 0.0256668 0.00849526 0.0252444 0.00853327 0.0334042 0.00933358 0.00839845 0.00990302 0.00828009 0.0131468 0.00886193 0.0132928 0.00840553 0.015383 0.00839335 0.0180476 0.00832138 0.0144343 0.00884177 0.00828695 0.0175887 0.00827658 0.0143746 0.00828487 0.0219105 0.00846399 0.0120082 0.00847701 0.00920196 0.00807115 0.00977015 0.00825712 0.0097525 0.00812045 0.00999187 0.00829359 0.0127081 0.00877405 
0.00817636 0.0281132 0.00771322 0.0108151 0.00861791 0.00671897 0.0315054 0.00771084 0.846229 0.00428874 0.0035833 0.0035858 0 0.00352075 0.00434242 0.00362172 0.00366154 0.00971533 0.00719168 0.0224728 0.00876886 0.923531 0.00786144 0.0145712 0.00788648 0.00968471 0.0136321 0.00854702 0.0344578 0.00856607 0.050042 0.00844665 0.0487814 0.0086865 0.0129654 0.00956223 0.00832972 0.015028 0.00867995 0.0152107 0.00870285 0.0204518 0.00845162 0.0315689 0.00844658 0.022435 0.00850941 0.0091328 0.0137802 0.00840014 0.0309158 0.00837718 0.0171345 0.0087684 0.0220849 0.00861893 0.0102585 0.00847926 0.0102578 0.00820374 0.0138601 0.0083675 0.0143271 0.0083186 0.0246963 0.00841055 0.00921482 
0.0337871 0.00776644 0.0198098 0.00752994 0.00673248 0.0439783 0.00933514 0.957781 0.00572839 0.00759913 0.00359766 0.00366412 0.00352075 0 0.00356732 0.00362961 0.00370551 0.00610374 0.0256421 0.00834733 0.967513 0.00817228 0.0287391 0.00783385 0.0150887 0.00996299 0.00865909 0.0225632 0.00837342 0.0357095 0.00841211 0.0512098 0.00853881 0.0142708 0.00847036 0.00854373 0.0113496 0.00834864 0.0151596 0.00907748 0.0152286 0.00842272 0.0248808 0.00834425 0.0250338 0.00839598 0.0100388 0.00843025 0.00825338 0.0258646 0.00827035 0.0184882 0.00825345 0.0202903 0.00848702 0.0173349 0.00823333 0.00856854 0.00819315 0.010492 0.00821788 0.0141911 0.00823514 0.0197941 0.0083018 0.0111998 0.00852112 
0.00820663 0.0271677 0.00819649 0.012838 0.019174 0.0137027 0.958332 0.00658522 0.00919081 0.00519365 0.00380547 0.00359311 0.00434242 0.00356732 0 0.00356049 0.00358999 0.023441 0.00734623 0.975202 0.00774421 0.0188511 0.00700332 0.0200304 0.00776834 0.00927636 0.0123687 0.00836468 0.0306609 0.00838039 0.0370102 0.00845292 0.0281013 0.00859232 0.0109342 0.00948649 0.00831481 0.0198505 0.00862065 0.014538 0.00865332 0.0215752 0.00837341 0.0246571 0.00851583 0.0160474 0.00854463 0.00845134 0.0157103 0.00832123 0.0231702 0.00823005 0.0149951 0.00857115 0.0160634 0.00848226 0.00912088 0.00828507 0.00978404 0.00807951 0.0132386 0.00819754 0.0298578 0.0082953 0.0149329 0.00851936 0.00903903 
0.0294894 0.00911072 0.0131807 0.00807248 0.0277188 0.935766 0.00760605 0.00906272 0.00755141 0.00957141 0.00392757 0.00600919 0.00362172 0.00362961 0.00356049 0 0.00387575 0.00817313 0.982303 0.00733229 0.0133441 0.00674802 0.0147244 0.00815921 0.00926004 0.0132397 0.00919613 0.0126181 0.00867171 0.0174375 0.00865621 0.0117983 0.00872853 0.0122829 0.0088762 0.00851322 0.0195165 0.0118769 0.0104241 0.0090404 0.0129712 0.00844721 0.0119966 0.00844799 0.00939193 0.00866326 0.00957135 0.0086497 0.00851075 0.0124694 0.00837238 0.00912791 0.00827551 0.0101869 0.00848974 0.00908759 0.00853377 0.00845608 0.00855587 0.0086605 0.00820936 0.0128064 0.00811667 0.00879631 0.00830231 0.0097393 0.00864769 
0.029963 0.00986222 0.00851005 0.0137546 0.863566 0.0114741 0.00836028 0.00697255 0.00762376 0.00923849 0.00747509 0.0042918 0.00366154 0.00370551 0.00358999 0.00387575 0 0.928717 0.00955003 0.00871614 0.00720476 0.00920012 0.00700541 0.0074813 0.0116352 0.0180782 0.0119408 0.00876177 0.013635 0.00906997 0.0109442 0.00874115 0.00908754 0.00902764 0.0107379 0.0243578 0.00980759 0.0090656 0.00959045 0.0100077 0.00889221 0.00932675 0.00858254 0.00875495 0.00857856 0.00855758 0.00875591 0.00941936 0.0166729 0.00902305 0.00863721 0.00841496 0.00840334 0.00858925 0.00872709 0.00863073 0.00872135 0.00963962 0.0131309 0.00844074 0.0111879 0.00832253 0.00829961 0.00829056 0.00824994 0.00940297 0.0110523 
0.00922615 0.0145076 0.00857718 0.0586541 0.0150555 0.00888198 0.0182621 0.00810108 0.0221536 0.0126291 0.0185468 0.00693001 0.00971533 0.00610374 0.023441 0.00817313 0.928717 0 0.00355007 0.00401868 0.003576 0.00444343 0.00366504 0.00686927 0.00788856 0.0170449 0.0111913 0.00826216 0.0125524 0.00812152 0.0252613 0.00816478 0.0159958 0.00886301 0.0514037 0.0116322 0.00878803 0.00969628 0.00869723 0.00951887 0.00857915 0.0123201 0.00837935 0.0118226 0.0083395 0.0129768 0.00860827 0.0189487 0.0229533 0.00861092 0.0132427 0.00828059 0.00948098 0.00841648 0.0209026 0.00838965 0.00997898 0.0124917 0.0129852 0.00812367 0.00888135 0.00803232 0.00894574 0.00797645 0.0102313 0.00835887 0.0224985 
0.0233216 0.00870263 0.0530807 0.00911139 0.0100388 0.0488882 0.00890223 0.0325289 0.0102131 0.0293119 0.00789774 0.0170101 0.00719168 0.0256421 0.00734623 0.982303 0.00955003 0.00355007 0 0.0035609 0.00359683 0.00357161 0.0045137 0.00385415 0.00677111 0.0125932 0.0106954 0.0201974 0.00833517 0.0496034 0.00849557 0.0366215 0.00864111 0.0410149 0.00977911 0.00932634 0.0152022 0.0085382 0.0137006 0.00945214 0.0169706 0.00869561 0.0244612 0.00843437 0.0210898 0.0084744 0.0214003 0.00930758 0.00923208 0.0354521 0.00850067 0.0167533 0.00858534 0.0438816 0.00885172 0.0165433 0.00888902 0.0104493 0.00972424 0.0123379 0.00841328 0.0120815 0.00824279 0.0119293 0.0085645 0.0292178 0.00929519 
0.0088369 0.0973992 0.00858506 0.0121255 0.0181508 0.00907031 0.070729 0.00862399 0.0344085 0.0084503 0.014756 0.00808269 0.0224728 0.00834733 0.975202 0.00733229 0.00871614 0.00401868 0.0035609 0 0.00357997 0.0038463 0.00354948 0.00417899 0.00361084 0.0114704 0.0173725 0.00808399 0.0942393 0.00824798 0.0668815 0.00837783 0.105575 0.00852002 0.0129557 0.0115614 0.00847186 0.0169688 0.00873715 0.0221594 0.00878982 0.0338621 0.00849851 0.037037 0.00837392 0.03568 0.00879166 0.00964708 0.0219498 0.00871599 0.0417399 0.00856061 0.0395772 0.00890772 0.0397029 0.00894348 0.0136175 0.00918413 0.011545 0.00844772 0.0192073 0.00841453 0.0196516 0.00831037 0.0473861 0.008839 0.00954056 
0.0326397 0.00837232 0.0176773 0.00851821 0.00897628 0.0382167 0.00905091 0.0851133 0.00844835 0.0181557 0.00819793 0.0282617 0.00876886 0.967513 0.00774421 0.0133441 0.00720476 0.003576 0.00359683 0.00357997 0 0.00354282 0.0039878 0.00358768 0.00390177 0.00874529 0.0088911 0.0557028 0.00823227 0.0888949 0.00843366 0.124136 0.00814071 0.0187218 0.0083069 0.00833679 0.0118885 0.00822249 0.0186247 0.00897694 0.021085 0.00838825 0.0449866 0.00833604 0.0453878 0.00851319 0.0125387 0.00859455 0.00855719 0.0364063 0.00853443 0.0394548 0.00843601 0.0528574 0.00877092 0.0314721 0.00841733 0.0086014 0.0083568 0.0126907 0.00860486 0.0209854 0.00827139 0.0404758 0.00858436 0.0185695 0.00865783 
0.00857916 0.0219035 0.00840072 0.0161751 0.0152861 0.00879496 0.0588308 0.00833527 0.0415795 0.00846683 0.0143239 0.00862663 0.923531 0.00817228 0.0188511 0.00674802 0.00920012 0.00444343 0.00357161 0.0038463 0.00354282 0 0.0035595 0.00407005 0.0035783 0.0090315 0.0265928 0.00828876 0.0519145 0.00818242 0.429789 0.00785764 0.0288296 0.00837856 0.0146898 0.00987875 0.00814731 0.0172555 0.00848121 0.0156527 0.00869779 0.029427 0.00828839 0.0470777 0.008384 0.0234738 0.00861578 0.00951686 0.0204673 0.00852296 0.0631079 0.00836481 0.0276686 0.00873724 0.0324647 0.00853726 0.0111772 0.00863055 0.0119891 0.00825757 0.0192001 0.00831055 0.0369246 0.00821467 0.0247825 0.0085423 0.0103721 
0.0186449 0.00836771 0.0222204 0.00844761 0.00880036 0.0332312 0.00861087 0.0401246 0.00835703 0.0180051 0.00973404 0.89244 0.00786144 0.0287391 0.00700332 0.0147244 0.00700541 0.00366504 0.0045137 0.00354948 0.0039878 0.0035595 0 0.00361814 0.00369775 0.0186395 0.00846118 0.0459666 0.00822766 0.531722 0.00780985 0.0351586 0.0080157 0.0143471 0.00831524 0.00838314 0.0120486 0.00809145 0.0143622 0.00880448 0.0161921 0.00825612 0.0366504 0.00818508 0.0204989 0.00836062 0.0110383 0.00852996 0.00857556 0.0373178 0.00830061 0.0268549 0.00831573 0.0271238 0.00856631 0.0174473 0.00827532 0.00889552 0.00845079 0.0109884 0.00824795 0.0184831 0.00815152 0.0151482 0.00834052 0.0121047 0.00857976 
0.00849116 0.0399451 0.00859582 0.00984355 0.0186361 0.00923964 0.0213234 0.00839802 0.0371765 0.00837761 0.855553 0.00913461 0.0145712 0.00783385 0.0200304 0.00815921 0.0074813 0.00686927 0.00385415 0.00417899 0.00358768 0.00407005 0.00361814 0 0.00489003 0.0114014 0.0584112 0.00852965 0.491221 0.00811765 0.0292367 0.00776351 0.0218938 0.00916659 0.0106471 0.0107109 0.00829212 0.0114649 0.00857051 0.0219073 0.00849886 0.0194219 0.00827688 0.0159203 0.00832936 0.0146302 0.00899145 0.00890706 0.0254668 0.00843352 0.0233069 0.0084326 0.0230369 0.00854041 0.0125632 0.00849285 0.0102765 0.00844714 0.0113799 0.0084628 0.0106931 0.00828432 0.0119051 0.00827425 0.0131219 0.00854305 0.00880892 
0.0460304 0.00846952 0.00967673 0.00909628 0.0144066 0.0176844 0.00871291 0.0158289 0.00863033 0.0546239 0.0254025 0.0133141 0.00788648 0.0150887 0.00776834 0.00926004 0.0116352 0.00788856 0.00677111 0.00361084 0.00390177 0.0035783 0.00369775 0.00489003 0 0.0584682 0.0102064 0.293922 0.00783983 0.0208179 0.00791388 0.0104186 0.0082012 0.0115294 0.00891126 0.0113713 0.0106036 0.00816604 0.0122241 0.00850495 0.0113075 0.00840467 0.0105432 0.00827882 0.0113095 0.0084283 0.00960532 0.0156492 0.0104157 0.019743 0.00838713 0.010768 0.00827715 0.00979638 0.00848141 0.00951636 0.00828745 0.00971505 0.0124555 0.00987657 0.00820619 0.00923297 0.00811768 0.0090679 0.00833192 0.00973318 0.0103769 
0.00966816 0.00868805 0.00918253 0.0145272 0.01259 0.0105738 0.0111084 0.0096033 0.0131208 0.0341981 0.0128373 0.00904733 0.00968471 0.00996299 0.00927636 0.0132397 0.0180782 0.0170449 0.0125932 0.0114704 0.00874529 0.0090315 0.0186395 0.0114014 0.0584682 0 0.00456426 0.0036282 0.00377901 0.0037126 0.00383966 0.00679274 0.00412442 0.0062118 0.0124395 0.00778789 0.00692239 0.0077964 0.00785999 0.0084529 0.0121843 0.00864705 0.0108109 0.0142135 0.0116029 0.0229573 0.183001 0.0252556 0.0180038 0.00992364 0.009448 0.00889177 0.0088581 0.00956063 0.00955702 0.00950779 0.0107883 0.0331114 0.0107421 0.00906976 0.00866942 0.0087117 0.00856976 0.00862971 0.00898211 0.0105945 0.0196615 
0.00862462 0.0104209 0.00860185 0.0101206 0.0099152 0.0113429 0.0177754 0.00930033 0.0241123 0.00938051 0.0117167 0.0090957 0.0136321 0.00865909 0.0123687 0.00919613 0.0119408 0.0111913 0.0106954 0.0173725 0.0088911 0.0265928 0.00846118 0.0584112 0.0102064 0.00456426 0 0.00356834 0.00354877 0.00360535 0.00814029 0.00364819 0.00488583 0.00431791 0.00593826 0.00613425 0.00655626 0.00741846 0.0077437 0.0102241 0.00887179 0.0189035 0.0122181 0.0238169 0.0150368 0.391859 0.0102201 0.0104378 0.0140992 0.00968867 0.010747 0.00890232 0.0150334 0.00903008 0.0133242 0.00877767 0.0154921 0.00910164 0.00994949 0.00909958 0.0103634 0.00875769 0.0104654 0.00854205 0.012114 0.00889837 0.0133073 
0.0116836 0.00845862 0.0110947 0.00844565 0.00883172 0.0219865 0.00987518 0.0506554 0.0088167 0.0120098 0.00872766 0.0149099 0.00854702 0.0225632 0.00836468 0.0126181 0.00876177 0.00826216 0.0201974 0.00808399 0.0557028 0.00828876 0.0459666 0.00852965 0.293922 0.0036282 0.00356834 0 0.00352785 0.00354785 0.00360095 0.00363118 0.00364902 0.00382816 0.00365524 0.0054417 0.0061662 0.00613314 0.00932403 0.00758633 0.0122285 0.00789809 0.0779493 0.0108832 0.485265 0.00797656 0.010686 0.00830822 0.00846465 0.0175795 0.008239 0.0212283 0.00822434 0.0195824 0.00868622 0.0297933 0.00854346 0.00890196 0.008688 0.0135735 0.0086606 0.0152066 0.00853139 0.0171473 0.00873777 0.014732 0.00868242 
0.00837506 0.0200949 0.00852735 0.011847 0.010796 0.00906998 0.08576 0.00885573 0.0365201 0.00845346 0.0115905 0.00847308 0.0344578 0.00837342 0.0306609 0.00867171 0.013635 0.0125524 0.00833517 0.0942393 0.00823227 0.0519145 0.00822766 0.491221 0.00783983 0.00377901 0.00354877 0.00352785 0 0.00345099 0.00374343 0.00353307 0.00375919 0.00356783 0.00415267 0.00522089 0.00561555 0.0170819 0.00657354 0.0166563 0.0129219 0.119689 0.010768 0.652524 0.00743393 0.0212962 0.00804741 0.0122616 0.0143587 0.00827395 0.0429962 0.00812471 0.0277953 0.0085919 0.0458089 0.00854122 0.0137405 0.00866445 0.0109734 0.00869829 0.0224439 0.00871381 0.0223549 0.00865216 0.0391714 0.00868235 0.0123286 
0.0142142 0.008391 0.0144904 0.00829131 0.00861847 0.0443419 0.0097363 0.0600812 0.00862053 0.0217905 0.00872605 0.0256668 0.00856607 0.0357095 0.00838039 0.0174375 0.00906997 0.00812152 0.0496034 0.00824798 0.0888949 0.00818242 0.531722 0.00811765 0.0208179 0.0037126 0.00360535 0.00354785 0.00345099 0 0.00352229 0.00362391 0.00356207 0.00402263 0.00375737 0.00473675 0.0105681 0.00600884 0.0151369 0.00827402 0.0730965 0.0110375 0.702232 0.007514 0.0227143 0.00772328 0.0332637 0.00840664 0.00820315 0.0442914 0.00805614 0.0263458 0.0081223 0.080483 0.00846199 0.0282848 0.00847866 0.00925147 0.00866908 0.0161341 0.00862395 0.0225093 0.00829479 0.0366652 0.00853701 0.0230973 0.00872796 
0.00832284 0.0192799 0.00839892 0.0128195 0.0165965 0.00881753 0.0559404 0.00879474 0.056231 0.00856311 0.0139359 0.00849526 0.050042 0.00841211 0.0370102 0.00865621 0.0109442 0.0252613 0.00849557 0.0668815 0.00843366 0.429789 0.00780985 0.0292367 0.00791388 0.00383966 0.00814029 0.00360095 0.00374343 0.00352229 0 0.00354352 0.00399876 0.0035523 0.00479445 0.00731371 0.00535171 0.0132283 0.00633104 0.0601379 0.0182732 0.701176 0.00724376 0.0195883 0.00727302 0.0242841 0.00816479 0.00900883 0.0248432 0.00815356 0.0381058 0.00815402 0.0468384 0.00855276 0.0380071 0.00842649 0.0135427 0.00917859 0.013572 0.00855067 0.0212163 0.00866943 0.0269832 0.00848759 0.033136 0.00869358 0.0111236 
0.0161555 0.00841499 0.0126551 0.00840834 0.00867039 0.0346076 0.00940906 0.10119 0.00865428 0.013612 0.00872545 0.0252444 0.00844665 0.0512098 0.00845292 0.0117983 0.00874115 0.00816478 0.0366215 0.00837783 0.124136 0.00785764 0.0351586 0.00776351 0.0104186 0.00679274 0.00364819 0.00363118 0.00353307 0.00362391 0.00354352 0 0.00353104 0.00354268 0.0035344 0.00398157 0.00825316 0.00502978 0.0345895 0.00883154 0.617487 0.00627429 0.0255371 0.00615483 0.018017 0.00729563 0.0117529 0.00765482 0.00802812 0.0382823 0.00800194 0.0416298 0.0080977 0.0365814 0.00841227 0.028164 0.00851215 0.00877277 0.00879412 0.0171288 0.00863408 0.0251554 0.00857996 0.0356774 0.00860348 0.0161941 0.00868797 
0.00837047 0.0211742 0.00853552 0.00962565 0.0125549 0.00903264 0.0999488 0.00896962 0.0282089 0.00846184 0.0134705 0.00853327 0.0487814 0.00853881 0.0281013 0.00872853 0.00908754 0.0159958 0.00864111 0.105575 0.00814071 0.0288296 0.0080157 0.0218938 0.0082012 0.00412442 0.00488583 0.00364902 0.00375919 0.00356207 0.00399876 0.00353104 0 0.00354008 0.00368 0.0188664 0.00465123 0.0567603 0.0120446 0.526225 0.0060925 0.0104342 0.00637849 0.0174838 0.0066818 0.0153905 0.00796904 0.00810182 0.0175807 0.00820783 0.0401887 0.00809733 0.0203382 0.00874079 0.0358037 0.00850025 0.010875 0.0085082 0.0124485 0.00854054 0.0276769 0.00871548 0.0258394 0.00854892 0.0424553 0.00881097 0.00968019 
0.0137915 0.00845396 0.0122944 0.00838271 0.0092698 0.0335963 0.00899151 0.0197836 0.00899163 0.0118226 0.00933459 0.0334042 0.0086865 0.0142708 0.00859232 0.0122829 0.00902764 0.00886301 0.0410149 0.00852002 0.0187218 0.00837856 0.0143471 0.00916659 0.0115294 0.0062118 0.00431791 0.00382816 0.00356783 0.00402263 0.0035523 0.00354268 0.00354008 0 0.00365649 0.00442104 0.0893941 0.0134033 0.0959151 0.00585312 0.00957252 0.00687988 0.0108289 0.00595772 0.0109304 0.00706311 0.01162 0.00794909 0.0118307 0.0288406 0.00809655 0.0112718 0.0082887 0.01493 0.00868524 0.0136243 0.00882584 0.00912486 0.00937599 0.0229226 0.00855411 0.0159169 0.00854547 0.013396 0.00857361 0.0183191 0.00890407 
0.00951872 0.01081 0.00831847 0.0098228 0.0301267 0.0096689 0.0106028 0.0083917 0.0119863 0.00907108 0.0333961 0.00933358 0.0129654 0.00847036 0.0109342 0.0088762 0.0107379 0.0514037 0.00977911 0.0129557 0.0083069 0.0146898 0.00831524 0.0106471 0.00891126 0.0124395 0.00593826 0.00365524 0.00415267 0.00375737 0.00479445 0.0035344 0.00368 0.00365649 0 0.83995 0.00788701 0.0232446 0.0044116 0.00804053 0.00536215 0.0188555 0.00619545 0.00704204 0.00560288 0.00814592 0.00685074 0.00805324 0.0382428 0.00863189 0.00966419 0.00784256 0.00956672 0.00855074 0.0113242 0.00836151 0.00920924 0.00946249 0.0266961 0.00871104 0.0101397 0.00837819 0.0111247 0.00839352 0.0105932 0.00859415 0.0113116 
0.0089083 0.00823666 0.00812413 0.0109666 0.0102425 0.00874651 0.00948246 0.00834143 0.0101258 0.0106953 0.0115679 0.00839845 0.00956223 0.00854373 0.00948649 0.00851322 0.0243578 0.0116322 0.00932634 0.0115614 0.00833679 0.00987875 0.00838314 0.0107109 0.0113713 0.00778789 0.00613425 0.0054417 0.00522089 0.00473675 0.00731371 0.00398157 0.0188664 0.00442104 0.83995 0 0.00500336 0.00358884 0.00361757 0.00363511 0.00370824 0.00374306 0.00369009 0.0043557 0.00401943 0.0059061 0.0067848 0.0157918 0.0113937 0.00726974 0.00803065 0.00756085 0.00796288 0.0112128 0.0091035 0.00827179 0.0103601 0.0163368 0.0149723 0.00877115 0.00905583 0.00834414 0.00866322 0.00816397 0.00933877 0.00862197 0.0289503 
0.00910773 0.00833655 0.00908748 0.00818801 0.00892397 0.0105836 0.0086612 0.0116532 0.0084871 0.0108506 0.0085741 0.00990302 0.00832972 0.0113496 0.00831481 0.0195165 0.00980759 0.00878803 0.0152022 0.00847186 0.0118885 0.00814731 0.0120486 0.00829212 0.0106036 0.00692239 0.00655626 0.0061662 0.00561555 0.0105681 0.00535171 0.00825316 0.00465123 0.0893941 0.00788701 0.00500336 0 0.00355476 0.00355196 0.00374342 0.00371084 0.00364999 0.00451462 0.0036771 0.00620361 0.00456072 0.0111378 0.00591108 0.00756926 0.0180001 0.00707237 0.00953999 0.00736743 0.0103672 0.00800433 0.0170142 0.00886658 0.0148073 0.00890995 0.0147132 0.00832149 0.0102732 0.00822932 0.00955349 0.00832929 0.0205864 0.00887793 
0.00807746 0.00940031 0.00812206 0.00856198 0.00860564 0.00859506 0.0180925 0.00851992 0.014039 0.00815319 0.00929191 0.00828009 0.015028 0.00834864 0.0198505 0.0118769 0.0090656 0.00969628 0.0085382 0.0169688 0.00822249 0.0172555 0.00809145 0.0114649 0.00816604 0.0077964 0.00741846 0.00613314 0.0170819 0.00600884 0.0132283 0.00502978 0.0567603 0.0134033 0.0232446 0.00358884 0.00355476 0 0.00360474 0.00359206 0.00358251 0.00434676 0.00373722 0.00401165 0.00365283 0.0127943 0.0050838 0.00519293 0.0101742 0.0069514 0.0121639 0.00714665 0.0112963 0.0078619 0.0135605 0.00799274 0.0104508 0.0129564 0.0134912 0.00823128 0.0107877 0.00827168 0.0123932 0.00824229 0.0214929 0.00834164 0.0096709 
0.00994087 0.00826206 0.00922004 0.00830519 0.00842176 0.0133587 0.00970253 0.0185247 0.00861211 0.0101494 0.0087443 0.0131468 0.00867995 0.0151596 0.00862065 0.0104241 0.00959045 0.00869723 0.0137006 0.00873715 0.0186247 0.00848121 0.0143622 0.00857051 0.0122241 0.00785999 0.0077437 0.00932403 0.00657354 0.0151369 0.00633104 0.0345895 0.0120446 0.0959151 0.0044116 0.00361757 0.00355196 0.00360474 0 0.00353198 0.00353695 0.003547 0.00409301 0.0035644 0.010245 0.00384012 0.00590003 0.00534052 0.00694803 0.0104729 0.00710779 0.012976 0.00758062 0.0120695 0.0081354 0.0117313 0.0121451 0.358307 0.00898088 0.0116305 0.00860449 0.0125624 0.00841715 0.0207124 0.0086284 0.0188051 0.00943701 
0.00829872 0.0102585 0.00852783 0.00891465 0.0087281 0.0100627 0.0193654 0.00993464 0.0151608 0.00850846 0.00933965 0.00886193 0.0152107 0.00907748 0.014538 0.0090404 0.0100077 0.00951887 0.00945214 0.0221594 0.00897694 0.0156527 0.00880448 0.0219073 0.00850495 0.0084529 0.0102241 0.00758633 0.0166563 0.00827402 0.0601379 0.00883154 0.526225 0.00585312 0.00804053 0.00363511 0.00374342 0.00359206 0.00353198 0 0.00346591 0.00356849 0.00354378 0.00372121 0.00369072 0.00485164 0.00443629 0.00447121 0.00947525 0.00690814 0.0100383 0.00715506 0.0106908 0.00787845 0.0102049 0.00984895 0.76154 0.0107451 0.0106199 0.00883448 0.0130975 0.00871032 0.0186061 0.00858888 0.0156384 0.00908793 0.0106016 
0.00945405 0.00824786 0.00911579 0.00822195 0.00832499 0.0177528 0.0103885 0.0241295 0.00851791 0.0174144 0.00865429 0.0132928 0.00870285 0.0152286 0.00865332 0.0129712 0.00889221 0.00857915 0.0169706 0.00878982 0.021085 0.00869779 0.0161921 0.00849886 0.0113075 0.0121843 0.00887179 0.0122285 0.0129219 0.0730965 0.0182732 0.617487 0.0060925 0.00957252 0.00536215 0.00370824 0.00371084 0.00358251 0.00353695 0.00346591 0 0.00353991 0.00361063 0.00355103 0.00422329 0.00374003 0.00428482 0.00410883 0.00664251 0.0103098 0.00698552 0.0113559 0.00730709 0.0110377 0.00943702 0.901775 0.00953072 0.00979075 0.009104 0.0118786 0.00855879 0.0151867 0.00837616 0.0153687 0.00906041 0.0132136 0.00905418 
0.0080946 0.011658 0.00819134 0.0101622 0.00950807 0.00892406 0.0326118 0.00858422 0.0197062 0.00818946 0.0102384 0.00840553 0.0204518 0.00842272 0.0215752 0.00844721 0.00932675 0.0123201 0.00869561 0.0338621 0.00838825 0.029427 0.00825612 0.0194219 0.00840467 0.00864705 0.0189035 0.00789809 0.119689 0.0110375 0.701176 0.00627429 0.0104342 0.00687988 0.0188555 0.00374306 0.00364999 0.00434676 0.003547 0.00356849 0.00353991 0 0.00348907 0.00355731 0.003585 0.0047106 0.00374472 0.00374158 0.0120051 0.00609322 0.0106366 0.00637094 0.013598 0.00841066 0.963841 0.00852883 0.0114714 0.00819458 0.0143392 0.00838658 0.0233716 0.00837432 0.0177603 0.00831721 0.0329129 0.00862863 0.0164012 
0.0100069 0.00810858 0.0100294 0.0081212 0.00828516 0.0180822 0.00914356 0.0414479 0.00830637 0.0120305 0.00839829 0.015383 0.00845162 0.0248808 0.00837341 0.0119966 0.00858254 0.00837935 0.0244612 0.00849851 0.0449866 0.00828839 0.0366504 0.00827688 0.0105432 0.0108109 0.0122181 0.0779493 0.010768 0.702232 0.00724376 0.0255371 0.00637849 0.0108289 0.00619545 0.00369009 0.00451462 0.00373722 0.00409301 0.00354378 0.00361063 0.00348907 0 0.00354019 0.00367974 0.00363693 0.00550467 0.00382245 0.00553012 0.0276242 0.00585557 0.0126008 0.00769426 0.950376 0.0078769 0.015526 0.00794999 0.0129365 0.00852874 0.0199693 0.00839574 0.0172791 0.00824209 0.0246441 0.00837705 0.0195713 0.00914495 
0.00791045 0.0108888 0.0081911 0.00878662 0.00919398 0.00839634 0.0306775 0.0084435 0.0199917 0.00815285 0.00956701 0.00839335 0.0315689 0.00834425 0.0246571 0.00844799 0.00875495 0.0118226 0.00843437 0.037037 0.00833604 0.0470777 0.00818508 0.0159203 0.00827882 0.0142135 0.0238169 0.0108832 0.652524 0.007514 0.0195883 0.00615483 0.0174838 0.00595772 0.00704204 0.0043557 0.0036771 0.00401165 0.0035644 0.00372121 0.00355103 0.00355731 0.00354019 0 0.00351552 0.00362367 0.0035408 0.00358026 0.0147259 0.00558084 0.0257212 0.00616193 0.92975 0.00700448 0.0155086 0.00690104 0.0200787 0.00756194 0.0134658 0.00834346 0.017642 0.0082598 0.0222729 0.00805738 0.0327004 0.00840265 0.0103041 
0.0106198 0.00818309 0.0095503 0.00811931 0.00824889 0.0161784 0.00881258 0.0336824 0.00840031 0.0129004 0.00842886 0.0180476 0.00844658 0.0250338 0.00851583 0.00939193 0.00857856 0.0083395 0.0210898 0.00837392 0.0453878 0.008384 0.0204989 0.00832936 0.0113095 0.0116029 0.0150368 0.485265 0.00743393 0.0227143 0.00727302 0.018017 0.0066818 0.0109304 0.00560288 0.00401943 0.00620361 0.00365283 0.010245 0.00369072 0.00422329 0.003585 0.00367974 0.00351552 0 0.00394055 0.00362963 0.00364139 0.00413591 0.0154923 0.00566615 0.95373 0.00617114 0.0148218 0.006396 0.0308176 0.0075116 0.00769697 0.00874111 0.0189684 0.00830488 0.0266525 0.00812391 0.0228028 0.00817947 0.0149773 0.00872237 
0.00793339 0.0101829 0.00815642 0.00848539 0.00936248 0.00839436 0.0287543 0.00856267 0.0138646 0.00817078 0.0143212 0.00832138 0.022435 0.00839598 0.0160474 0.00866326 0.00855758 0.0129768 0.0084744 0.03568 0.00851319 0.0234738 0.00836062 0.0146302 0.0084283 0.0229573 0.391859 0.00797656 0.0212962 0.00772328 0.0242841 0.00729563 0.0153905 0.00706311 0.00814592 0.0059061 0.00456072 0.0127943 0.00384012 0.00485164 0.00374003 0.0047106 0.00363693 0.00362367 0.00394055 0 0.00367221 0.00358746 0.0169418 0.00540008 0.958494 0.00580181 0.00807272 0.00621809 0.0191404 0.00672023 0.00894272 0.00798742 0.0165246 0.00821865 0.0194379 0.008349 0.020177 0.00814877 0.0233896 0.00870475 0.00966712 
0.00894095 0.00827743 0.00899743 0.00823934 0.00862779 0.0125171 0.00882138 0.0106852 0.00915549 0.00906808 0.00898794 0.0144343 0.00850941 0.0100388 0.00854463 0.00957135 0.00875591 0.00860827 0.0214003 0.00879166 0.0125387 0.00861578 0.0110383 0.00899145 0.00960532 0.183001 0.0102201 0.010686 0.00804741 0.0332637 0.00816479 0.0117529 0.00796904 0.01162 0.00685074 0.0067848 0.0111378 0.0050838 0.00590003 0.00443629 0.00428482 0.00374472 0.00550467 0.0035408 0.00362963 0.00367221 0 0.00367072 0.00812009 0.969297 0.00534621 0.00795366 0.00546239 0.0105784 0.00667111 0.00966873 0.00801695 0.00767776 0.00898712 0.024938 0.00852624 0.0120044 0.00825858 0.0105959 0.00840806 0.0137154 0.00917852 
0.0104959 0.00835238 0.00826864 0.00853825 0.0155146 0.00897269 0.00881338 0.00844296 0.00858556 0.00964416 0.0145894 0.00884177 0.0091328 0.00843025 0.00845134 0.0086497 0.00941936 0.0189487 0.00930758 0.00964708 0.00859455 0.00951686 0.00852996 0.00890706 0.0156492 0.0252556 0.0104378 0.00830822 0.0122616 0.00840664 0.00900883 0.00765482 0.00810182 0.00794909 0.00805324 0.0157918 0.00591108 0.00519293 0.00534052 0.00447121 0.00410883 0.00374158 0.00382245 0.00358026 0.00364139 0.00358746 0.00367072 0 0.960405 0.00564554 0.00461343 0.00473835 0.00586952 0.00721707 0.00615853 0.0060495 0.0074097 0.00845238 0.0260087 0.0090125 0.00895493 0.00849464 0.00866204 0.00828986 0.00983464 0.00929441 0.0109208 
0.00809971 0.0122271 0.00818632 0.0148571 0.0150142 0.00848551 0.0153026 0.00833282 0.0225371 0.00980932 0.0181093 0.00828695 0.0137802 0.00825338 0.0157103 0.00851075 0.0166729 0.0229533 0.00923208 0.0219498 0.00855719 0.0204673 0.00857556 0.0254668 0.0104157 0.0180038 0.0140992 0.00846465 0.0143587 0.00820315 0.0248432 0.00802812 0.0175807 0.0118307 0.0382428 0.0113937 0.00756926 0.0101742 0.00694803 0.00947525 0.00664251 0.0120051 0.00553012 0.0147259 0.00413591 0.0169418 0.00812009 0.960405 0 0.00360427 0.00372557 0.00356986 0.0047132 0.00375477 0.00569698 0.00401594 0.0174562 0.0130344 0.0343077 0.00901099 0.0123256 0.00814384 0.01273 0.00805936 0.0171398 0.0103111 0.595181 
0.0136549 0.0081044 0.0121026 0.00826171 0.00851332 0.0233962 0.00870288 0.0323595 0.00845932 0.0155858 0.00846431 0.0175887 0.00840014 0.0258646 0.00832123 0.0124694 0.00902305 0.00861092 0.0354521 0.00871599 0.0364063 0.00852296 0.0373178 0.00843352 0.019743 0.00992364 0.00968867 0.0175795 0.00827395 0.0442914 0.00815356 0.0382823 0.00820783 0.0288406 0.00863189 0.00726974 0.0180001 0.0069514 0.0104729 0.00690814 0.0103098 0.00609322 0.0276242 0.00558084 0.0154923 0.00540008 0.969297 0.00564554 0.00360427 0 0.0035443 0.00356729 0.00354295 0.00403174 0.00365078 0.00858178 0.00512259 0.00573392 0.00802109 0.0257281 0.00807417 0.0213749 0.00799009 0.0133715 0.00819484 0.830863 0.0140743 
0.00801304 0.0112433 0.0081451 0.00880924 0.00962813 0.00853753 0.0329609 0.00835298 0.0198602 0.00806208 0.0106565 0.00827658 0.0309158 0.00827035 0.0231702 0.00837238 0.00863721 0.0132427 0.00850067 0.0417399 0.00853443 0.0631079 0.00830061 0.0233069 0.00838713 0.009448 0.010747 0.008239 0.0429962 0.00805614 0.0381058 0.00800194 0.0401887 0.00809655 0.00966419 0.00803065 0.00707237 0.0121639 0.00710779 0.0100383 0.00698552 0.0106366 0.00585557 0.0257212 0.00566615 0.958494 0.00534621 0.00461343 0.00372557 0.0035443 0 0.00345508 0.00357895 0.0035641 0.0048441 0.00364744 0.00516507 0.0037222 0.0096867 0.00925676 0.0206207 0.00795739 0.0154528 0.00781329 0.833349 0.00932983 0.010257 
0.00974442 0.00814062 0.009233 0.00810344 0.0081507 0.0174543 0.00918396 0.0251223 0.00821425 0.0101941 0.00838498 0.0143746 0.00837718 0.0184882 0.00823005 0.00912791 0.00841496 0.00828059 0.0167533 0.00856061 0.0394548 0.00836481 0.0268549 0.0084326 0.010768 0.00889177 0.00890232 0.0212283 0.00812471 0.0263458 0.00815402 0.0416298 0.00809733 0.0112718 0.00784256 0.00756085 0.00953999 0.00714665 0.012976 0.00715506 0.0113559 0.00637094 0.0126008 0.00616193 0.95373 0.00580181 0.00795366 0.00473835 0.00356986 0.00356729 0.00345508 0 0.00353988 0.00360922 0.00357833 0.0039955 0.00358992 0.00369616 0.00666117 0.0128758 0.0073567 0.013679 0.007644 0.873304 0.00956653 0.0271449 0.00842533 
0.00796532 0.0101587 0.00806912 0.00839228 0.00855067 0.00824138 0.020702 0.00842347 0.0121171 0.00811162 0.00928338 0.00828487 0.0171345 0.00825345 0.0149951 0.00827551 0.00840334 0.00948098 0.00858534 0.0395772 0.00843601 0.0276686 0.00831573 0.0230369 0.00827715 0.0088581 0.0150334 0.00822434 0.0277953 0.0081223 0.0468384 0.0080977 0.0203382 0.0082887 0.00956672 0.00796288 0.00736743 0.0112963 0.00758062 0.0106908 0.00730709 0.013598 0.00769426 0.92975 0.00617114 0.00807272 0.00546239 0.00586952 0.0047132 0.00354295 0.00357895 0.00353988 0 0.0035489 0.00368786 0.00385144 0.00373283 0.00362402 0.00964875 0.0077415 0.0129508 0.00820834 0.879286 0.00999025 0.0396236 0.00825643 0.0103283 
0.00952797 0.00811294 0.00935209 0.00822791 0.00841489 0.0188119 0.00935579 0.0412694 0.00862542 0.0110651 0.00852478 0.0219105 0.0087684 0.0202903 0.00857115 0.0101869 0.00858925 0.00841648 0.0438816 0.00890772 0.0528574 0.00873724 0.0271238 0.00854041 0.00979638 0.00956063 0.00903008 0.0195824 0.0085919 0.080483 0.00855276 0.0365814 0.00874079 0.01493 0.00855074 0.0112128 0.0103672 0.0078619 0.0120695 0.00787845 0.0110377 0.00841066 0.950376 0.00700448 0.0148218 0.00621809 0.0105784 0.00721707 0.00375477 0.00403174 0.0035641 0.00360922 0.0035489 0 0.00354126 0.00355682 0.00362495 0.00370013 0.0112635 0.0125776 0.0086252 0.883675 0.00959336 0.0475612 0.00823414 0.0233367 0.00928988 
0.00814111 0.010541 0.00829802 0.00859569 0.00988024 0.00874149 0.0382478 0.00869133 0.0171465 0.00822293 0.0158942 0.00846399 0.0220849 0.00848702 0.0160634 0.00848974 0.00872709 0.0209026 0.00885172 0.0397029 0.00877092 0.0324647 0.00856631 0.0125632 0.00848141 0.00955702 0.0133242 0.00868622 0.0458089 0.00846199 0.0380071 0.00841227 0.0358037 0.00868524 0.0113242 0.0091035 0.00800433 0.0135605 0.0081354 0.0102049 0.00943702 0.963841 0.0078769 0.0155086 0.006396 0.0191404 0.00667111 0.00615853 0.00569698 0.00365078 0.0048441 0.00357833 0.00368786 0.00354126 0 0.00359223 0.00363416 0.0035805 0.00943605 0.00826597 0.841114 0.00861822 0.0275209 0.00742941 0.0254841 0.00843177 0.011492 
0.00942616 0.00811604 0.00942892 0.00820846 0.00825688 0.0154184 0.00927412 0.0246437 0.00844538 0.0102405 0.00845451 0.0120082 0.00861893 0.0173349 0.00848226 0.00908759 0.00863073 0.00838965 0.0165433 0.00894348 0.0314721 0.00853726 0.0174473 0.00849285 0.00951636 0.00950779 0.00877767 0.0297933 0.00854122 0.0282848 0.00842649 0.028164 0.00850025 0.0136243 0.00836151 0.00827179 0.0170142 0.00799274 0.0117313 0.00984895 0.901775 0.00852883 0.015526 0.00690104 0.0308176 0.00672023 0.00966873 0.0060495 0.00401594 0.00858178 0.00364744 0.0039955 0.00385144 0.00355682 0.00359223 0 0.00355002 0.0035894 0.00669884 0.704701 0.00874137 0.0192014 0.00748626 0.0255038 0.00777746 0.0279524 0.00940639 
