1MP9A
DEIPYKAVVNIENIVATVTLDQTLDLYAMERSVPNVEYDPDQFPGLIFRLESPKITSLIFKSGKMVVTGAKSTDELIKAVKRIIKTLKKYGMQLTGKPKIQIQNIVASANLHVIVNLDKAAFLLENNMYEPEQFPGLIYRMDEPRVVLLIFSSGKMVITGAKREDEVHKAVKKIFDKLVELDCVKPVEEEELE
CCCCCCCEEEEEEEEEEEECCCCCCHHHHHHHCCCCECCCCCCCCEEEEECCCCEEEEECCCCEEEEECCCCHHHHHHHHHHHHHHHHHCCCCCCCCCEEEEEEEEEEEECCCEECHHHHHHHCCCEECCCCCCCCEEEEECCCCEEEEECCCCEEEEEEECCHHHHHHHHHHHHHHHHHCCCEECCCCCCCC
0 0 0 0 0 0 0 0 0 0 0 0 0 0 0 0 0 0 0 0 0 0 0 0 0 0 0 0 0 0 0 0 0 0 0 0 0 0 0 0 0 0 0 0 0 0 0 0 0 0 0 0 0 0 0 0 0 0 0 0 0 0 0 0 0 0 0 0 0 0 0 0 0 0 0 0 0 0 0 0 0 0 0 0 0 0 0 0 0 0 0 0 0 0 0 0 0 0 0 0 0 0 0 0 0 0 0 0 0 0 0 0 0 0 0 0 0 0 0 0 0 0 0 0 0 0 0 0 0 0 0 0 0 0 0 0 0 0 0 0 0 0 0 0 0 0 0 0 0 0 0 0 0 0 0 0 0 0 0 0 0 0 0 0 0 0 0 0 0 0 0 0 0 0 0 0 0 0 0 0 0 0 0 0 0 0 0 0 0 0 0 0 0 
0 0 0 0 0 0 0 0 0 0 0 0 0 0 0 0 0 0 0 0 0 0 0 0 0 0 0 0 0 0 0 0 0 0 0 0 0 0 0 0 0 0 0 0 0 0 0 0 0 0 0 0 0 0 0 0 0 0 0 0 0 0 0 0 0 0 0 0 0 0 0 0 0 0 0 0 0 0 0 0 0 0 0 0 0 0 0 0 0 0 0 0 0 0 0 0 0 0 0 0 0 0 0 0 0 0 0 0 0 0 0 0 0 0 0 0 0 0 0 0 0 0 0 0 0 0 0 0 0 0 0 0 0 0 0 0 0 0 0 0 0 0 0 0 0 0 0 0 0 0 0 0 0 0 0 0 0 0 0 0 0 0 0 0 0 0 0 0 0 0 0 0 0 0 0 0 0 0 0 0 0 0 0 0 0 0 0 0 0 0 0 0 0 
0 0.00365488 0.00367222 0.00361858 0.00377356 0.00375605 0.00441156 0.00489811 0.00566042 0.00894265 0.00720826 0.0768917 0.028265 0.022419 0.0128108 0.00928803 0.0187326 0.0127362 0.01426 0.0153415 0.0102974 0.012642 0.0174821 0.0173176 0.0097089 0.015666 0.00987557 0.0154818 0.0104903 0.00830565 0.00938708 0.00802443 0.00882105 0.00831961 0.008585 0.00869693 0.00842172 0.00951543 0.00835757 0.0123471 0.0104542 0.00887742 0.00824605 0.00826062 0.00869775 0.00828202 0.00828742 0.00859474 0.00860649 0.00861541 0.00873627 0.00874542 0.00850569 0.00968312 0.00952416 0.00829064 0.00885081 0.00819419 0.00831882 0.00813897 0.0087087 0.00855129 0.00873749 
0.00365488 0 0.00366335 0.00365315 0.00356173 0.00361997 0.0040053 0.00376704 0.00626225 0.00542181 0.0485462 0.00700945 0.00864223 0.0156047 0.0149917 0.0400983 0.00926176 0.0240607 0.0190953 0.0100144 0.0402319 0.0163366 0.01144 0.00851092 0.0388766 0.0106165 0.0223161 0.0102836 0.00812318 0.0128866 0.00807199 0.0127096 0.00837741 0.0101405 0.0114706 0.0100875 0.0143353 0.00865007 0.0157519 0.00820943 0.00806058 0.012386 0.00827824 0.00810762 0.00831202 0.00939914 0.00960593 0.00852468 0.00865309 0.00979741 0.00918972 0.0106764 0.0101416 0.00863327 0.00788387 0.0101199 0.00863596 0.0102442 0.00864838 0.00858547 0.00834054 0.00839773 0.00817156 
0.00367222 0.00366335 0 0.003546 0.00355654 0.0036071 0.00366384 0.00374223 0.00393737 0.00731492 0.00500458 0.00846342 0.0115994 0.0112942 0.0264223 0.00987856 0.0428192 0.0085338 0.00906526 0.0348581 0.0140927 0.0262593 0.00981694 0.0132214 0.00964774 0.0660579 0.010687 0.0100934 0.00965068 0.00822726 0.0149852 0.00836312 0.0150486 0.0111766 0.0119822 0.0211877 0.011587 0.0280258 0.00840988 0.0102032 0.00935027 0.00801907 0.00819568 0.00816516 0.00861094 0.00888499 0.00986071 0.00900427 0.00824957 0.00848188 0.00950289 0.0110171 0.010064 0.0088226 0.00920641 0.00849903 0.0119308 0.00930961 0.0101968 0.00912662 0.00813605 0.00821401 0.00798204 
0.00361858 0.00365315 0.003546 0 0.00353546 0.00356424 0.00361774 0.00368378 0.00533874 0.00404779 0.00676548 0.00501743 0.00827363 0.0136398 0.0124678 0.0582112 0.00892784 0.0168319 0.0154609 0.00938012 0.0583299 0.0139839 0.0127889 0.00848326 0.0285183 0.0147248 0.0180631 0.0109567 0.00814296 0.0107651 0.0083959 0.0137281 0.00903687 0.0116005 0.0170853 0.012796 0.0301772 0.00990803 0.0124156 0.0082499 0.00810068 0.01044 0.0080396 0.00806765 0.00838466 0.00921292 0.0108712 0.00874489 0.00877192 0.0089046 0.00932247 0.0129231 0.0107413 0.00885608 0.00796127 0.0099528 0.00932479 0.0120017 0.00937968 0.0086009 0.0083185 0.00815525 0.00804904 
0.00377356 0.00356173 0.00355654 0.00353546 0 0.00354403 0.00356699 0.00402562 0.00371253 0.00378399 0.0040386 0.00470671 0.00888272 0.0131263 0.0253754 0.0146874 0.016321 0.00926053 0.00947049 0.0202228 0.0167299 0.0247465 0.0111269 0.0113389 0.0116806 0.03465 0.0139688 0.0106679 0.00880386 0.00842386 0.010912 0.00874798 0.0120809 0.0131432 0.0150476 0.026365 0.0171449 0.0157591 0.00888867 0.00876182 0.00849314 0.00832835 0.00800586 0.00796692 0.00837578 0.00914686 0.0101674 0.00910075 0.00836052 0.00861333 0.00934486 0.0116528 0.0102041 0.00859922 0.00827868 0.00886289 0.0111906 0.00995571 0.0100704 0.00900954 0.00842686 0.00801027 0.00799358 
0.00375605 0.00361997 0.0036071 0.00356424 0.00354403 0 0.00372818 0.00357978 0.00364203 0.00366796 0.00376777 0.00382348 0.00942557 0.0181671 0.0281267 0.0239972 0.0153139 0.00966163 0.0119351 0.014926 0.0318028 0.0250612 0.0133511 0.00990372 0.0168299 0.0399585 0.0185081 0.0116811 0.0085383 0.00919354 0.0101581 0.00974446 0.0124012 0.0157697 0.0301544 0.0286137 0.0283705 0.0179692 0.0100061 0.00880719 0.00847001 0.0086937 0.00815594 0.00809778 0.00883491 0.0102878 0.0128748 0.00923136 0.0088441 0.00876807 0.0103314 0.0150336 0.011612 0.00912586 0.00822049 0.00963429 0.0112286 0.0126724 0.0108256 0.00919751 0.00849749 0.00810972 0.0080217 
0.00441156 0.0040053 0.00366384 0.00361774 0.00356699 0.00372818 0 0.00355759 0.00358847 0.00362973 0.00365999 0.00386523 0.00992679 0.0191439 0.0246071 0.0497357 0.0112002 0.0119633 0.0117926 0.013875 0.044023 0.0231663 0.0144974 0.00986885 0.0246199 0.0307742 0.0208775 0.0119421 0.0085083 0.00994716 0.00958406 0.0134172 0.0110826 0.0225139 0.0259924 0.0274443 0.0386431 0.0147827 0.0118548 0.00869745 0.00849169 0.00920319 0.00810533 0.00809056 0.00875573 0.0104586 0.0132076 0.00978111 0.00854543 0.00903987 0.0103984 0.0161182 0.0118123 0.00933418 0.00823933 0.00971103 0.0112877 0.0131179 0.0109768 0.00895076 0.0084872 0.00814097 0.00808687 
0.00489811 0.00376704 0.00374223 0.00368378 0.00402562 0.00357978 0.00355759 0 0.00357282 0.00363386 0.00360008 0.0036462 0.0103154 0.0261482 0.0412994 0.0219059 0.0222063 0.0102063 0.0107063 0.0201298 0.0308091 0.0338492 0.0148439 0.0112481 0.0144407 0.0564338 0.0218853 0.014146 0.00858821 0.0090191 0.0133596 0.00936373 0.0170848 0.0194879 0.0229146 0.0366991 0.0284455 0.025492 0.0102421 0.00912548 0.00871735 0.00876842 0.00816286 0.00812637 0.00928224 0.0104267 0.0132818 0.00967364 0.00855848 0.00905674 0.0104895 0.0163214 0.0123041 0.00935536 0.00839667 0.00939083 0.0123357 0.0120929 0.0112195 0.0089907 0.00837261 0.00815443 0.00801799 
0.00566042 0.00626225 0.00393737 0.00533874 0.00371253 0.00364203 0.00358847 0.00357282 0 0.00360533 0.00361736 0.00361244 0.0107982 0.0266663 0.0348962 0.0643063 0.0149975 0.0141276 0.0126471 0.0146875 0.0563793 0.029241 0.0174956 0.00965132 0.0320107 0.0347781 0.0355095 0.014304 0.00852513 0.0121224 0.00959225 0.0219011 0.0125228 0.0197368 0.0311214 0.0297876 0.0466021 0.018203 0.0147936 0.00882549 0.00859216 0.00986777 0.00818119 0.00818267 0.00928006 0.0118423 0.0148382 0.0102064 0.00878581 0.00935985 0.0116602 0.0173587 0.014733 0.00966377 0.00863727 0.0106044 0.0122762 0.0158824 0.0110804 0.00958808 0.0086166 0.00818779 0.00813086 
0.00894265 0.00542181 0.00731492 0.00404779 0.00378399 0.00366796 0.00362973 0.00363386 0.00360533 0 0.0035689 0.00359407 0.0129164 0.0189593 0.0509743 0.022862 0.0417397 0.00962324 0.0105687 0.0267289 0.0264086 0.0409602 0.0124593 0.0146652 0.0122453 0.0905718 0.0146387 0.0128573 0.00950214 0.00856678 0.0202279 0.00887354 0.0154811 0.0140924 0.0170849 0.0295098 0.0194538 0.0247794 0.00894417 0.009697 0.00980194 0.00852085 0.00832426 0.00816553 0.0089946 0.00969111 0.0119617 0.0092426 0.00845576 0.00864745 0.0102581 0.0154514 0.0109484 0.00897443 0.00924908 0.00875915 0.0139157 0.010813 0.0106524 0.00863179 0.00833845 0.00821756 0.00805753 
0.00720826 0.0485462 0.00500458 0.00676548 0.0040386 0.00376777 0.00365999 0.00360008 0.00361736 0.0035689 0 0.00356851 0.0110652 0.0170492 0.0221137 0.0562146 0.0133744 0.0317698 0.019395 0.0109643 0.0293658 0.0280371 0.0145689 0.00970127 0.0462643 0.0126307 0.0348571 0.0115698 0.00860663 0.0143721 0.00843664 0.0106398 0.00859479 0.00990236 0.0124734 0.0107525 0.0174146 0.00904807 0.0146835 0.00839337 0.00833279 0.0126526 0.00822499 0.008306 0.0092327 0.00984792 0.00979778 0.00857605 0.00863785 0.00979607 0.00951073 0.0118085 0.0104696 0.00890163 0.00824216 0.0100749 0.00915638 0.0104803 0.00881699 0.00856341 0.00847497 0.0081861 0.00798567 
0.0768917 0.00700945 0.00846342 0.00501743 0.00470671 0.00382348 0.00386523 0.0036462 0.00361244 0.00359407 0.00356851 0 0.0584456 0.035782 0.0225096 0.0113401 0.045623 0.0134157 0.0172629 0.0167298 0.0103777 0.0154505 0.0235197 0.0433859 0.0109815 0.013395 0.0114474 0.0221547 0.0187497 0.00972233 0.0109629 0.00852003 0.00918664 0.00916274 0.00912926 0.0102751 0.00914922 0.0107508 0.00837237 0.0128261 0.0122116 0.00864535 0.00981269 0.00889066 0.0122253 0.00917978 0.0084773 0.00868064 0.00857499 0.0100291 0.00946854 0.00917912 0.00905884 0.010117 0.0128081 0.00848989 0.00925184 0.00850654 0.00871999 0.0084447 0.00895416 0.00928362 0.00823347 
0.028265 0.00864223 0.0115994 0.00827363 0.00888272 0.00942557 0.00992679 0.0103154 0.0107982 0.0129164 0.0110652 0.0584456 0 0.055922 0.0151914 0.00681116 0.0145077 0.00958589 0.0105627 0.010417 0.00822701 0.0116727 0.0225021 0.037323 0.00920093 0.0101351 0.0101966 0.0174155 0.0149151 0.00869109 0.00952279 0.00817332 0.00959827 0.00870802 0.00850317 0.00904993 0.00853644 0.00940211 0.00817407 0.0144604 0.0167157 0.0100515 0.0101609 0.0101941 0.0102461 0.00829325 0.0079934 0.00858271 0.00918318 0.00957659 0.00879323 0.00827185 0.00876925 0.0114727 0.0127633 0.0080974 0.00870521 0.00793532 0.00842185 0.00839512 0.010237 0.00994047 0.0098688 
0.022419 0.0156047 0.0112942 0.0136398 0.0131263 0.0181671 0.0191439 0.0261482 0.0266663 0.0189593 0.0170492 0.035782 0.055922 0 0.0036784 0.00362274 0.00375431 0.00461699 0.00763945 0.00733991 0.00796185 0.0284556 0.893621 0.0162644 0.0127521 0.011105 0.0144021 0.0364006 0.0111487 0.0100429 0.00910687 0.00914968 0.0092826 0.0102418 0.0107733 0.012036 0.0125104 0.0107197 0.0116457 0.0148899 0.0103917 0.0158354 0.00893216 0.00934322 0.00935737 0.00933542 0.01018 0.0104319 0.0145253 0.0110082 0.0108772 0.0119414 0.0123422 0.0182906 0.00850134 0.0091763 0.00958333 0.0101319 0.00901834 0.00989217 0.0111796 0.00856216 0.00904831 
0.0128108 0.0149917 0.0264223 0.0124678 0.0253754 0.0281267 0.0246071 0.0412994 0.0348962 0.0509743 0.0221137 0.0225096 0.0151914 0.0036784 0 0.00357416 0.0037919 0.00363971 0.00536482 0.0117958 0.0127469 0.929277 0.0156477 0.00929814 0.0138111 0.0212799 0.0269441 0.0133264 0.00988945 0.0094695 0.011967 0.0091865 0.0127034 0.014198 0.0160224 0.026273 0.0200354 0.0195699 0.011365 0.0115438 0.00996992 0.00986446 0.00849883 0.00852706 0.00921493 0.0115955 0.0131471 0.0159183 0.00903524 0.00904996 0.0143392 0.0169003 0.0239408 0.0103867 0.00860812 0.00943567 0.0140105 0.0117107 0.0112914 0.00953965 0.00907065 0.00830548 0.00833571 
0.00928803 0.0400983 0.00987856 0.0582112 0.0146874 0.0239972 0.0497357 0.0219059 0.0643063 0.022862 0.0562146 0.0113401 0.00681116 0.00362274 0.00357416 0 0.00354156 0.00361862 0.00759584 0.00872419 0.948365 0.0119779 0.0100512 0.00791353 0.0177771 0.0168532 0.0163806 0.0117646 0.00870338 0.0149887 0.00910312 0.0209439 0.00969886 0.0158554 0.0296868 0.0211727 0.0463264 0.015421 0.0197106 0.00879654 0.00845769 0.0123077 0.00832091 0.0084444 0.00961515 0.0130087 0.0244385 0.00960874 0.00932675 0.0108534 0.0122734 0.0491778 0.0165453 0.0101694 0.00823021 0.0121613 0.0124655 0.0228201 0.0132577 0.00960879 0.00869989 0.00832008 0.00801029 
0.0187326 0.00926176 0.0428192 0.00892784 0.016321 0.0153139 0.0112002 0.0222063 0.0149975 0.0417397 0.0133744 0.045623 0.0145077 0.00375431 0.0037919 0.00354156 0 0.00355589 0.00619067 0.98517 0.0114975 0.0126151 0.00797053 0.016881 0.0113676 0.015756 0.0132482 0.0109057 0.012272 0.00890439 0.0151653 0.00866987 0.0117348 0.0104301 0.0105463 0.0237285 0.0144627 0.0213785 0.00899803 0.012679 0.0113898 0.00865498 0.00936806 0.00854616 0.00990182 0.0121201 0.0099505 0.0137778 0.00828269 0.00908806 0.0145763 0.0126733 0.0167563 0.00919309 0.0105431 0.00925578 0.013846 0.00962344 0.010972 0.00891322 0.0081731 0.00852899 0.00802216 
0.0127362 0.0240607 0.0085338 0.0168319 0.00926053 0.00966163 0.0119633 0.0102063 0.0141276 0.00962324 0.0317698 0.0134157 0.00958589 0.00461699 0.00363971 0.00361862 0.00355589 0 0.978801 0.00442169 0.00680032 0.00597101 0.00708718 0.012384 0.013024 0.00798468 0.00921336 0.0205353 0.012126 0.0154677 0.00839638 0.0113226 0.00847552 0.00925537 0.00995543 0.0101218 0.0111794 0.00888098 0.0133231 0.00906986 0.00953487 0.0175204 0.0108688 0.00852716 0.0146271 0.00981128 0.00922058 0.00847138 0.0103789 0.0199315 0.00943969 0.0099533 0.00914282 0.0103054 0.00938737 0.0104246 0.00849878 0.00915742 0.00852356 0.00840277 0.00997862 0.0094942 0.00828817 
0.01426 0.0190953 0.00906526 0.0154609 0.00947049 0.0119351 0.0117926 0.0107063 0.0126471 0.0105687 0.019395 0.0172629 0.0105627 0.00763945 0.00536482 0.00759584 0.00619067 0.978801 0 0.00364777 0.00359181 0.0035996 0.00422086 0.00632948 0.00752144 0.00705715 0.0456433 0.395089 0.0166686 0.0144211 0.00901831 0.0121364 0.00893931 0.0108338 0.0108134 0.0100493 0.0113147 0.00958453 0.0143264 0.0124748 0.00966968 0.0299165 0.00904556 0.00930514 0.00947623 0.0092464 0.00946838 0.00908318 0.0280582 0.0158254 0.0100288 0.0104282 0.00962398 0.0156235 0.00844803 0.0103002 0.00875042 0.00942935 0.00868891 0.00918264 0.0122512 0.00915406 0.00909205 
0.0153415 0.0100144 0.0348581 0.00938012 0.0202228 0.014926 0.013875 0.0201298 0.0146875 0.0267289 0.0109643 0.0167298 0.010417 0.00733991 0.0117958 0.00872419 0.98517 0.00442169 0.00364777 0 0.00357684 0.00359753 0.00361689 0.00622182 0.00646885 0.0371873 0.145602 0.193305 0.0117905 0.00939016 0.0130815 0.00875332 0.0135704 0.0118891 0.0122011 0.0187972 0.0129463 0.0184402 0.00938769 0.0107134 0.0117851 0.00884929 0.00904452 0.00835966 0.00962294 0.0104391 0.0104421 0.0127098 0.00850125 0.00953956 0.0166126 0.0127878 0.0147209 0.00934425 0.00900205 0.00873926 0.0142428 0.0101011 0.0102199 0.00894408 0.00851017 0.00833173 0.00835677 
0.0102974 0.0402319 0.0140927 0.0583299 0.0167299 0.0318028 0.044023 0.0308091 0.0563793 0.0264086 0.0293658 0.0103777 0.00822701 0.00796185 0.0127469 0.948365 0.0114975 0.00680032 0.00359181 0.00357684 0 0.00365555 0.0036379 0.00460664 0.0465305 0.134765 0.520008 0.0103634 0.0109278 0.0171857 0.0102994 0.0221457 0.0111759 0.0197696 0.031937 0.0302624 0.0545701 0.0222269 0.0193651 0.00922713 0.00898722 0.0116057 0.00846566 0.00839732 0.00952022 0.0160772 0.0343235 0.0106065 0.00916018 0.0111614 0.0154846 0.0652226 0.0196412 0.0100344 0.00822503 0.012346 0.0184335 0.0304723 0.0147442 0.0101278 0.00860284 0.00820533 0.00799195 
0.012642 0.0163366 0.0262593 0.0139839 0.0247465 0.0250612 0.0231663 0.0338492 0.029241 0.0409602 0.0280371 0.0154505 0.0116727 0.0284556 0.929277 0.0119779 0.0126151 0.00597101 0.0035996 0.00359753 0.00365555 0 0.00360912 0.0342461 0.167761 0.633615 0.016888 0.0139926 0.0106432 0.0119725 0.0132592 0.00994032 0.0144051 0.0164766 0.0198685 0.0361586 0.0292766 0.0304455 0.0217302 0.0105334 0.0108882 0.0107848 0.00911921 0.00939327 0.0101633 0.0214008 0.0179918 0.0193112 0.00899543 0.0101582 0.0230689 0.033679 0.0460941 0.0112042 0.00884349 0.0116093 0.0175538 0.0193389 0.0149247 0.011871 0.00869789 0.00838576 0.00814625 
0.0174821 0.01144 0.00981694 0.0127889 0.0111269 0.0133511 0.0144974 0.0148439 0.0174956 0.0124593 0.0145689 0.0235197 0.0225021 0.893621 0.0156477 0.0100512 0.00797053 0.00708718 0.00422086 0.00361689 0.0036379 0.00360912 0 0.141627 0.510033 0.00704312 0.00860612 0.0156756 0.0199295 0.0104188 0.00915754 0.00978796 0.00920891 0.011424 0.0129022 0.0144357 0.0184457 0.0125244 0.0117167 0.0193232 0.0158047 0.0132193 0.0121393 0.0111972 0.0195415 0.0114795 0.010882 0.0104136 0.0109645 0.0168853 0.0111619 0.0142217 0.0130226 0.0162748 0.0121833 0.00994753 0.0102539 0.0103428 0.0104286 0.00940889 0.0114387 0.0096225 0.00850097 
0.0173176 0.00851092 0.0132214 0.00848326 0.0113389 0.00990372 0.00986885 0.0112481 0.00965132 0.0146652 0.00970127 0.0433859 0.037323 0.0162644 0.00929814 0.00791353 0.016881 0.012384 0.00632948 0.00622182 0.00460664 0.0342461 0.141627 0 0.0037738 0.00356847 0.00370212 0.00498584 0.0517797 0.00948966 0.0109579 0.00843003 0.0103861 0.0092796 0.0098209 0.0117589 0.00937813 0.0118146 0.00912413 0.0342164 0.0144619 0.0113343 0.00902945 0.00940178 0.00985234 0.00875688 0.0087883 0.0108914 0.0125018 0.010355 0.00948402 0.00911609 0.00973054 0.0147191 0.0107073 0.00827415 0.00936343 0.00849027 0.00890858 0.00913888 0.0106166 0.00860404 0.00946866 
0.0097089 0.0388766 0.00964774 0.0285183 0.0116806 0.0168299 0.0246199 0.0144407 0.0320107 0.0122453 0.0462643 0.0109815 0.00920093 0.0127521 0.0138111 0.0177771 0.0113676 0.013024 0.00752144 0.00646885 0.0465305 0.167761 0.510033 0.0037738 0 0.00357133 0.00360878 0.00366588 0.0262168 0.0921568 0.0112627 0.0157977 0.0105443 0.0131058 0.0214006 0.0147396 0.0267709 0.0109154 0.0398343 0.00951351 0.00983873 0.0144292 0.00879106 0.00894249 0.0100411 0.0122417 0.0148652 0.0106114 0.00974804 0.0116126 0.0146228 0.0210466 0.0149618 0.0105477 0.0082387 0.0130565 0.0108479 0.016511 0.0100815 0.00976106 0.00933862 0.00833168 0.00829987 
0.015666 0.0106165 0.0660579 0.0147248 0.03465 0.0399585 0.0307742 0.0564338 0.0347781 0.0905718 0.0126307 0.013395 0.0101351 0.011105 0.0212799 0.0168532 0.015756 0.00798468 0.00705715 0.0371873 0.134765 0.633615 0.00704312 0.00356847 0.00357133 0 0.00361151 0.00359361 0.027747 0.0234249 0.102285 0.0153012 0.0282539 0.0303792 0.029124 0.0684771 0.0351732 0.0951487 0.0114741 0.0114226 0.0102266 0.0097357 0.00871221 0.00895949 0.0101829 0.0210939 0.0314167 0.0152227 0.00907404 0.0105484 0.0259335 0.0617543 0.0276932 0.0106141 0.00917261 0.0105139 0.0464825 0.0250142 0.027654 0.0108171 0.00861296 0.00827239 0.00816695 
0.00987557 0.0223161 0.010687 0.0180631 0.0139688 0.0185081 0.0208775 0.0218853 0.0355095 0.0146387 0.0348571 0.0114474 0.0101966 0.0144021 0.0269441 0.0163806 0.0132482 0.00921336 0.0456433 0.145602 0.520008 0.016888 0.00860612 0.00370212 0.00360878 0.00361151 0 0.00365196 0.0129748 0.0229195 0.0122145 0.0272889 0.0146972 0.019673 0.0323382 0.0326514 0.0491889 0.0157378 0.0481823 0.010979 0.0101692 0.0122761 0.00954184 0.00972663 0.0122349 0.01956 0.0193783 0.0165442 0.00950762 0.0108503 0.0178377 0.0286676 0.0430826 0.0127779 0.00912864 0.0139082 0.0144596 0.025946 0.0121992 0.0126849 0.00910165 0.00843243 0.00814499 
0.0154818 0.0102836 0.0100934 0.0109567 0.0106679 0.0116811 0.0119421 0.014146 0.014304 0.0128573 0.0115698 0.0221547 0.0174155 0.0364006 0.0133264 0.0117646 0.0109057 0.0205353 0.395089 0.193305 0.0103634 0.0139926 0.0156756 0.00498584 0.00366588 0.00359361 0.00365196 0 0.0174379 0.0104489 0.0114889 0.0111847 0.0131593 0.0161656 0.0155535 0.0256701 0.0199662 0.0182906 0.0143217 0.0330514 0.0134301 0.0195465 0.0126984 0.0122358 0.0200507 0.0119434 0.0112408 0.010759 0.0117533 0.017066 0.0108992 0.0127377 0.0138643 0.0178762 0.0129697 0.00963965 0.0101461 0.0103115 0.0101389 0.00934097 0.0118482 0.0097761 0.00831476 
0.0104903 0.00812318 0.00965068 0.00814296 0.00880386 0.0085383 0.0085083 0.00858821 0.00852513 0.00950214 0.00860663 0.0187497 0.0149151 0.0111487 0.00988945 0.00870338 0.012272 0.012126 0.0166686 0.0117905 0.0109278 0.0106432 0.0199295 0.0517797 0.0262168 0.027747 0.0129748 0.0174379 0 0.00418793 0.0037673 0.00365094 0.00368585 0.0037416 0.00393668 0.00434582 0.00499379 0.00686191 0.00576409 0.0150592 0.0113986 0.0111431 0.0107996 0.0114828 0.0123658 0.00962539 0.00918936 0.0117266 0.0137448 0.0139838 0.0147864 0.0101415 0.010937 0.0176309 0.0166797 0.00907627 0.0106032 0.00884838 0.00939997 0.00938059 0.0139674 0.00936373 0.00971679 
0.00830565 0.0128866 0.00822726 0.0107651 0.00842386 0.00919354 0.00994716 0.0090191 0.0121224 0.00856678 0.0143721 0.00972233 0.00869109 0.0100429 0.0094695 0.0149887 0.00890439 0.0154677 0.0144211 0.00939016 0.0171857 0.0119725 0.0104188 0.00948966 0.0921568 0.0234249 0.0229195 0.0104489 0.00418793 0 0.00355854 0.00371071 0.00354715 0.00366891 0.00374985 0.00376018 0.00584976 0.00456984 0.0140626 0.00546722 0.00817393 0.00997322 0.0101308 0.0087771 0.0103822 0.0110869 0.0115932 0.00934115 0.0107464 0.0174376 0.0133316 0.0168638 0.011358 0.0102124 0.00853017 0.0184427 0.00956694 0.0146288 0.00891142 0.0105949 0.00955577 0.0092419 0.00856752 
0.00938708 0.00807199 0.0149852 0.0083959 0.010912 0.0101581 0.00958406 0.0133596 0.00959225 0.0202279 0.00843664 0.0109629 0.00952279 0.00910687 0.011967 0.00910312 0.0151653 0.00839638 0.00901831 0.0130815 0.0102994 0.0132592 0.00915754 0.0109579 0.0112627 0.102285 0.0122145 0.0114889 0.0037673 0.00355854 0 0.00359054 0.00356841 0.00360991 0.00365197 0.00381662 0.00399709 0.00929986 0.00438106 0.00556506 0.00747984 0.00638535 0.00866329 0.00827917 0.00938242 0.0104078 0.0106378 0.0109678 0.00834215 0.00935403 0.0166997 0.0148991 0.0126924 0.00896912 0.0101913 0.00887621 0.0268114 0.00977631 0.0165441 0.00871665 0.00863031 0.00834531 0.00820166 
0.00802443 0.0127096 0.00836312 0.0137281 0.00874798 0.00974446 0.0134172 0.00936373 0.0219011 0.00887354 0.0106398 0.00852003 0.00817332 0.00914968 0.0091865 0.0209439 0.00866987 0.0113226 0.0121364 0.00875332 0.0221457 0.00994032 0.00978796 0.00843003 0.0157977 0.0153012 0.0272889 0.0111847 0.00365094 0.00371071 0.00359054 0 0.00356387 0.00355818 0.00362587 0.00368723 0.00768165 0.00388002 0.00453393 0.00389635 0.00593821 0.00692307 0.0083296 0.00844257 0.00910654 0.0103981 0.0128895 0.00906746 0.00915388 0.0116203 0.0113725 0.0276542 0.0107396 0.00981382 0.00833266 0.0160321 0.0101175 0.030813 0.00995395 0.00918431 0.00865133 0.00832905 0.0081771 
0.00882105 0.00837741 0.0150486 0.00903687 0.0120809 0.0124012 0.0110826 0.0170848 0.0125228 0.0154811 0.00859479 0.00918664 0.00959827 0.0092826 0.0127034 0.00969886 0.0117348 0.00847552 0.00893931 0.0135704 0.0111759 0.0144051 0.00920891 0.0103861 0.0105443 0.0282539 0.0146972 0.0131593 0.00368585 0.00354715 0.00356841 0.00356387 0 0.00353642 0.00356919 0.00360264 0.00368887 0.00368506 0.00364493 0.00374782 0.00641956 0.00578962 0.00843984 0.00812664 0.0100882 0.0114043 0.0123337 0.0106769 0.00842168 0.00995892 0.0179265 0.0192747 0.0154436 0.00941129 0.00967645 0.00973969 0.0319741 0.0142244 0.0177697 0.00942277 0.0083143 0.00826405 0.0080737 
0.00831961 0.0101405 0.0111766 0.0116005 0.0131432 0.0157697 0.0225139 0.0194879 0.0197368 0.0140924 0.00990236 0.00916274 0.00870802 0.0102418 0.014198 0.0158554 0.0104301 0.00925537 0.0108338 0.0118891 0.0197696 0.0164766 0.011424 0.0092796 0.0131058 0.0303792 0.019673 0.0161656 0.0037416 0.00366891 0.00360991 0.00355818 0.00353642 0 0.00354267 0.00355527 0.00360776 0.00357655 0.00358797 0.00363014 0.00580435 0.0060317 0.00871182 0.00879331 0.0104978 0.0161953 0.0197637 0.012734 0.00958734 0.0126017 0.0247917 0.040574 0.0187927 0.0116143 0.00919042 0.0173829 0.0309305 0.0289087 0.0192454 0.0106009 0.00977019 0.00840544 0.0081903 
0.008585 0.0114706 0.0119822 0.0170853 0.0150476 0.0301544 0.0259924 0.0229146 0.0311214 0.0170849 0.0124734 0.00912926 0.00850317 0.0107733 0.0160224 0.0296868 0.0105463 0.00995543 0.0108134 0.0122011 0.031937 0.0198685 0.0129022 0.0098209 0.0214006 0.029124 0.0323382 0.0155535 0.00393668 0.00374985 0.00365197 0.00362587 0.00356919 0.00354267 0 0.00355332 0.00357196 0.00358951 0.00357903 0.00361729 0.00576393 0.00671145 0.00879325 0.0090353 0.0117922 0.0209861 0.0320714 0.0132024 0.0096707 0.0150642 0.0241957 0.0689745 0.0289605 0.0135564 0.0097678 0.022677 0.0263132 0.058248 0.025663 0.0175505 0.00921714 0.00861134 0.00830076 
0.00869693 0.0100875 0.0211877 0.012796 0.026365 0.0286137 0.0274443 0.0366991 0.0297876 0.0295098 0.0107525 0.0102751 0.00904993 0.012036 0.026273 0.0211727 0.0237285 0.0101218 0.0100493 0.0187972 0.0302624 0.0361586 0.0144357 0.0117589 0.0147396 0.0684771 0.0326514 0.0256701 0.00434582 0.00376018 0.00381662 0.00368723 0.00360264 0.00355527 0.00355332 0 0.00357212 0.00357658 0.0035557 0.00359376 0.00563634 0.00593638 0.0101944 0.00932955 0.0140845 0.0246925 0.0342216 0.0226422 0.0119367 0.0142479 0.0370005 0.0710047 0.0529749 0.0178108 0.0106406 0.0138595 0.0855928 0.0408908 0.0956401 0.014777 0.0105707 0.00867128 0.00847093 
0.00842172 0.0143353 0.011587 0.0301772 0.0171449 0.0283705 0.0386431 0.0284455 0.0466021 0.0194538 0.0174146 0.00914922 0.00853644 0.0125104 0.0200354 0.0463264 0.0144627 0.0111794 0.0113147 0.0129463 0.0545701 0.0292766 0.0184457 0.00937813 0.0267709 0.0351732 0.0491889 0.0199662 0.00499379 0.00584976 0.00399709 0.00768165 0.00368887 0.00360776 0.00357196 0.00357212 0 0.00357157 0.00358488 0.00358758 0.00492991 0.00644778 0.0101103 0.0131152 0.0130774 0.0258601 0.0414981 0.0225668 0.0107794 0.0155309 0.0324931 0.0991549 0.0507925 0.0189515 0.00943949 0.0284979 0.0279497 0.19404 0.0276234 0.0188318 0.010538 0.0086357 0.00843974 
0.00951543 0.00865007 0.0280258 0.00990803 0.0157591 0.0179692 0.0147827 0.025492 0.018203 0.0247794 0.00904807 0.0107508 0.00940211 0.0107197 0.0195699 0.015421 0.0213785 0.00888098 0.00958453 0.0184402 0.0222269 0.0304455 0.0125244 0.0118146 0.0109154 0.0951487 0.0157378 0.0182906 0.00686191 0.00456984 0.00929986 0.00388002 0.00368506 0.00357655 0.00358951 0.00357658 0.00357157 0 0.00353268 0.00357438 0.00611381 0.0120896 0.020688 0.00964791 0.0131112 0.0194956 0.0426325 0.0190674 0.00973737 0.0123367 0.0279166 0.0565542 0.0363664 0.0129056 0.011714 0.0105701 0.126897 0.0199343 0.050011 0.010665 0.0101291 0.0086845 0.00845145 
0.00835757 0.0157519 0.00840988 0.0124156 0.00888867 0.0100061 0.0118548 0.0102421 0.0147936 0.00894417 0.0146835 0.00837237 0.00817407 0.0116457 0.011365 0.0197106 0.00899803 0.0133231 0.0143264 0.00938769 0.0193651 0.0217302 0.0117167 0.00912413 0.0398343 0.0114741 0.0481823 0.0143217 0.00576409 0.0140626 0.00438106 0.00453393 0.00364493 0.00358797 0.00357903 0.0035557 0.00358488 0.00353268 0 0.0035432 0.00539853 0.0995086 0.00985106 0.0116561 0.0122082 0.0461641 0.016696 0.0138141 0.0114134 0.0167577 0.0179374 0.0260585 0.0374512 0.0137151 0.00927447 0.0502095 0.0103779 0.0340086 0.0108797 0.0165562 0.00999631 0.00905811 0.0083386 
0.0123471 0.00820943 0.0102032 0.0082499 0.00876182 0.00880719 0.00869745 0.00912548 0.00882549 0.009697 0.00839337 0.0128261 0.0144604 0.0148899 0.0115438 0.00879654 0.012679 0.00906986 0.0124748 0.0107134 0.00922713 0.0105334 0.0193232 0.0342164 0.00951351 0.0114226 0.010979 0.0330514 0.0150592 0.00546722 0.00556506 0.00389635 0.00374782 0.00363014 0.00361729 0.00359376 0.00358758 0.00357438 0.0035432 0 0.0718185 0.00384795 0.0139445 0.0146198 0.0277946 0.0111274 0.0100075 0.0130344 0.010591 0.0160983 0.0125275 0.0112291 0.0131331 0.0283195 0.0436354 0.00919503 0.0132461 0.00940327 0.0131718 0.00964182 0.0107817 0.0113432 0.00877194 
0.0104542 0.00806058 0.00935027 0.00810068 0.00849314 0.00847001 0.00849169 0.00871735 0.00859216 0.00980194 0.00833279 0.0122116 0.0167157 0.0103917 0.00996992 0.00845769 0.0113898 0.00953487 0.00966968 0.0117851 0.00898722 0.0108882 0.0158047 0.0144619 0.00983873 0.0102266 0.0101692 0.0134301 0.0113986 0.00817393 0.00747984 0.00593821 0.00641956 0.00580435 0.00576393 0.00563634 0.00492991 0.00611381 0.00539853 0.0718185 0 0.00411079 0.0124772 0.112846 0.0178748 0.0132196 0.00997977 0.0153756 0.0110441 0.0142267 0.0171156 0.010152 0.0136449 0.0179814 0.0197962 0.0103333 0.0112521 0.00928318 0.00973933 0.0104132 0.0111947 0.0106998 0.0114567 
0.00887742 0.012386 0.00801907 0.01044 0.00832835 0.0086937 0.00920319 0.00876842 0.00986777 0.00852085 0.0126526 0.00864535 0.0100515 0.0158354 0.00986446 0.0123077 0.00865498 0.0175204 0.0299165 0.00884929 0.0116057 0.0107848 0.0132193 0.0113343 0.0144292 0.0097357 0.0122761 0.0195465 0.0111431 0.00997322 0.00638535 0.00692307 0.00578962 0.0060317 0.00671145 0.00593638 0.00644778 0.0120896 0.0995086 0.00384795 0.00411079 0 0.0722714 0.0100113 0.0232344 0.0131744 0.0120287 0.0116385 0.0219052 0.0363433 0.0137036 0.0135082 0.0148699 0.0174906 0.0124716 0.0175146 0.0101243 0.0119248 0.0104658 0.0112858 0.0169937 0.0247797 0.00938139 
0.00824605 0.00827824 0.00819568 0.0080396 0.00800586 0.00815594 0.00810533 0.00816286 0.00818119 0.00832426 0.00822499 0.00981269 0.0101609 0.00893216 0.00849883 0.00832091 0.00936806 0.0108688 0.00904556 0.00904452 0.00846566 0.00911921 0.0121393 0.00902945 0.00879106 0.00871221 0.00954184 0.0126984 0.0107996 0.0101308 0.00866329 0.0083296 0.00843984 0.00871182 0.00879325 0.0101944 0.0101103 0.020688 0.00985106 0.0139445 0.0124772 0.0722714 0 0.00510752 0.00873366 0.0194723 0.0245885 0.0109521 0.0093768 0.0108834 0.0149063 0.00914086 0.0288335 0.0187091 0.0130362 0.0118233 0.0104975 0.00908787 0.00944517 0.0113793 0.0131437 0.0103416 0.012096 
0.00826062 0.00810762 0.00816516 0.00806765 0.00796692 0.00809778 0.00809056 0.00812637 0.00818267 0.00816553 0.008306 0.00889066 0.0101941 0.00934322 0.00852706 0.0084444 0.00854616 0.00852716 0.00930514 0.00835966 0.00839732 0.00939327 0.0111972 0.00940178 0.00894249 0.00895949 0.00972663 0.0122358 0.0114828 0.0087771 0.00827917 0.00844257 0.00812664 0.00879331 0.0090353 0.00932955 0.0131152 0.00964791 0.0116561 0.0146198 0.112846 0.0100113 0.00510752 0 0.0269885 0.0393641 0.0129379 0.0136246 0.00731566 0.0127048 0.00999303 0.010166 0.0199729 0.0192171 0.0162804 0.010314 0.00923528 0.00959799 0.00908401 0.0135139 0.0109489 0.0152961 0.00871994 
0.00869775 0.00831202 0.00861094 0.00838466 0.00837578 0.00883491 0.00875573 0.00928224 0.00928006 0.0089946 0.0092327 0.0122253 0.0102461 0.00935737 0.00921493 0.00961515 0.00990182 0.0146271 0.00947623 0.00962294 0.00952022 0.0101633 0.0195415 0.00985234 0.0100411 0.0101829 0.0122349 0.0200507 0.0123658 0.0103822 0.00938242 0.00910654 0.0100882 0.0104978 0.0117922 0.0140845 0.0130774 0.0131112 0.0122082 0.0277946 0.0178748 0.0232344 0.00873366 0.0269885 0 0.00370481 0.00358392 0.00366813 0.00459219 0.00880429 0.00939128 0.00868425 0.021228 0.957073 0.0228565 0.0117502 0.0129329 0.0114415 0.0122844 0.0138757 0.0309511 0.0118875 0.0156423 
0.00828202 0.00939914 0.00888499 0.00921292 0.00914686 0.0102878 0.0104586 0.0104267 0.0118423 0.00969111 0.00984792 0.00917978 0.00829325 0.00933542 0.0115955 0.0130087 0.0121201 0.00981128 0.0092464 0.0104391 0.0160772 0.0214008 0.0114795 0.00875688 0.0122417 0.0210939 0.01956 0.0119434 0.00962539 0.0110869 0.0104078 0.0103981 0.0114043 0.0161953 0.0209861 0.0246925 0.0258601 0.0194956 0.0461641 0.0111274 0.0132196 0.0131744 0.0194723 0.0393641 0.00370481 0 0.00359064 0.0036215 0.00363409 0.00645137 0.0103342 0.0246971 0.966502 0.0194036 0.00881103 0.0199 0.0153899 0.021442 0.0181077 0.0307419 0.012029 0.0105095 0.00967051 
0.00828742 0.00960593 0.00986071 0.0108712 0.0101674 0.0128748 0.0132076 0.0132818 0.0148382 0.0119617 0.00979778 0.0084773 0.0079934 0.01018 0.0131471 0.0244385 0.0099505 0.00922058 0.00946838 0.0104421 0.0343235 0.0179918 0.010882 0.0087883 0.0148652 0.0314167 0.0193783 0.0112408 0.00918936 0.0115932 0.0106378 0.0128895 0.0123337 0.0197637 0.0320714 0.0342216 0.0414981 0.0426325 0.016696 0.0100075 0.00997977 0.0120287 0.0245885 0.0129379 0.00358392 0.00359064 0 0.00354527 0.00356586 0.00525036 0.0238811 0.965046 0.0182951 0.0105787 0.0086838 0.0142921 0.0173335 0.0257446 0.0241273 0.0136134 0.0111447 0.00899399 0.00874901 
0.00859474 0.00852468 0.00900427 0.00874489 0.00910075 0.00923136 0.00978111 0.00967364 0.0102064 0.0092426 0.00857605 0.00868064 0.00858271 0.0104319 0.0159183 0.00960874 0.0137778 0.00847138 0.00908318 0.0127098 0.0106065 0.0193112 0.0104136 0.0108914 0.0106114 0.0152227 0.0165442 0.010759 0.0117266 0.00934115 0.0109678 0.00906746 0.0106769 0.012734 0.0132024 0.0226422 0.0225668 0.0190674 0.0138141 0.0130344 0.0153756 0.0116385 0.0109521 0.0136246 0.00366813 0.0036215 0.00354527 0 0.00372928 0.0109957 0.982145 0.0124563 0.0120618 0.00991652 0.0106383 0.0137371 0.0157561 0.0237019 0.0122468 0.0161059 0.0141434 0.0120243 0.00956853 
0.00860649 0.00865309 0.00824957 0.00877192 0.00836052 0.0088441 0.00854543 0.00855848 0.00878581 0.00845576 0.00863785 0.00857499 0.00918318 0.0145253 0.00903524 0.00932675 0.00828269 0.0103789 0.0280582 0.00850125 0.00916018 0.00899543 0.0109645 0.0125018 0.00974804 0.00907404 0.00950762 0.0117533 0.0137448 0.0107464 0.00834215 0.00915388 0.00842168 0.00958734 0.0096707 0.0119367 0.0107794 0.00973737 0.0114134 0.010591 0.0110441 0.0219052 0.0093768 0.00731566 0.00459219 0.00363409 0.00356586 0.00372928 0 0.973001 0.0100944 0.00502724 0.0066127 0.00680148 0.0100872 0.00996757 0.00849272 0.00960939 0.00868335 0.0105422 0.0550743 0.0161572 0.00891303 
0.00861541 0.00979741 0.00848188 0.0089046 0.00861333 0.00876807 0.00903987 0.00905674 0.00935985 0.00864745 0.00979607 0.0100291 0.00957659 0.0110082 0.00904996 0.0108534 0.00908806 0.0199315 0.0158254 0.00953956 0.0111614 0.0101582 0.0168853 0.010355 0.0116126 0.0105484 0.0108503 0.017066 0.0139838 0.0174376 0.00935403 0.0116203 0.00995892 0.0126017 0.0150642 0.0142479 0.0155309 0.0123367 0.0167577 0.0160983 0.0142267 0.0363433 0.0108834 0.0127048 0.00880429 0.00645137 0.00525036 0.0109957 0.973001 0 0.00368669 0.00364722 0.00363804 0.00433439 0.0117136 0.0108132 0.00902375 0.0119017 0.0172786 0.487898 0.0993876 0.0173648 0.0160186 
0.00873627 0.00918972 0.00950289 0.00932247 0.00934486 0.0103314 0.0103984 0.0104895 0.0116602 0.0102581 0.00951073 0.00946854 0.00879323 0.0108772 0.0143392 0.0122734 0.0145763 0.00943969 0.0100288 0.0166126 0.0154846 0.0230689 0.0111619 0.00948402 0.0146228 0.0259335 0.0178377 0.0108992 0.0147864 0.0133316 0.0166997 0.0113725 0.0179265 0.0247917 0.0241957 0.0370005 0.0324931 0.0279166 0.0179374 0.0125275 0.0171156 0.0137036 0.0149063 0.00999303 0.00939128 0.0103342 0.0238811 0.982145 0.0100944 0.00368669 0 0.00364268 0.00368731 0.00368772 0.00804204 0.00903318 0.0194752 0.0206069 0.698823 0.0409669 0.011576 0.0154772 0.0108557 
0.00874542 0.0106764 0.0110171 0.0129231 0.0116528 0.0150336 0.0161182 0.0163214 0.0173587 0.0154514 0.0118085 0.00917912 0.00827185 0.0119414 0.0169003 0.0491778 0.0126733 0.0099533 0.0104282 0.0127878 0.0652226 0.033679 0.0142217 0.00911609 0.0210466 0.0617543 0.0286676 0.0127377 0.0101415 0.0168638 0.0148991 0.0276542 0.0192747 0.040574 0.0689745 0.0710047 0.0991549 0.0565542 0.0260585 0.0112291 0.010152 0.0135082 0.00914086 0.010166 0.00868425 0.0246971 0.965046 0.0124563 0.00502724 0.00364722 0.00364268 0 0.00369493 0.00363538 0.0055457 0.0174752 0.0353662 0.839082 0.0338754 0.0140332 0.00982538 0.011247 0.00961966 
0.00850569 0.0101416 0.010064 0.0107413 0.0102041 0.011612 0.0118123 0.0123041 0.014733 0.0109484 0.0104696 0.00905884 0.00876925 0.0123422 0.0239408 0.0165453 0.0167563 0.00914282 0.00962398 0.0147209 0.0196412 0.0460941 0.0130226 0.00973054 0.0149618 0.0276932 0.0430826 0.0138643 0.010937 0.011358 0.0126924 0.0107396 0.0154436 0.0187927 0.0289605 0.0529749 0.0507925 0.0363664 0.0374512 0.0131331 0.0136449 0.0148699 0.0288335 0.0199729 0.021228 0.966502 0.0182951 0.0120618 0.0066127 0.00363804 0.00368731 0.00369493 0 0.00368257 0.0128167 0.0797431 0.764868 0.0319956 0.0143615 0.0151194 0.0109492 0.0165432 0.0110032 
0.00968312 0.00863327 0.0088226 0.00885608 0.00859922 0.00912586 0.00933418 0.00935536 0.00966377 0.00897443 0.00890163 0.010117 0.0114727 0.0182906 0.0103867 0.0101694 0.00919309 0.0103054 0.0156235 0.00934425 0.0100344 0.0112042 0.0162748 0.0147191 0.0105477 0.0106141 0.0127779 0.0178762 0.0176309 0.0102124 0.00896912 0.00981382 0.00941129 0.0116143 0.0135564 0.0178108 0.0189515 0.0129056 0.0137151 0.0283195 0.0179814 0.0174906 0.0187091 0.0192171 0.957073 0.0194036 0.0105787 0.00991652 0.00680148 0.00433439 0.00368772 0.00363538 0.00368257 0 0.0569666 0.702273 0.0118501 0.00762407 0.00799666 0.0103243 0.0195014 0.028679 0.012062 
0.00952416 0.00788387 0.00920641 0.00796127 0.00827868 0.00822049 0.00823933 0.00839667 0.00863727 0.00924908 0.00824216 0.0128081 0.0127633 0.00850134 0.00860812 0.00823021 0.0105431 0.00938737 0.00844803 0.00900205 0.00822503 0.00884349 0.0121833 0.0107073 0.0082387 0.00917261 0.00912864 0.0129697 0.0166797 0.00853017 0.0101913 0.00833266 0.00967645 0.00919042 0.0097678 0.0106406 0.00943949 0.011714 0.00927447 0.0436354 0.0197962 0.0124716 0.0130362 0.0162804 0.0228565 0.00881103 0.0086838 0.0106383 0.0100872 0.0117136 0.00804204 0.0055457 0.0128167 0.0569666 0 0.00406248 0.00357514 0.00358419 0.00376096 0.00379755 0.00561767 0.0180657 0.0184821 
0.00829064 0.0101199 0.00849903 0.0099528 0.00886289 0.00963429 0.00971103 0.00939083 0.0106044 0.00875915 0.0100749 0.00848989 0.0080974 0.0091763 0.00943567 0.0121613 0.00925578 0.0104246 0.0103002 0.00873926 0.012346 0.0116093 0.00994753 0.00827415 0.0130565 0.0105139 0.0139082 0.00963965 0.00907627 0.0184427 0.00887621 0.0160321 0.00973969 0.0173829 0.022677 0.0138595 0.0284979 0.0105701 0.0502095 0.00919503 0.0103333 0.0175146 0.0118233 0.010314 0.0117502 0.0199 0.0142921 0.0137371 0.00996757 0.0108132 0.00903318 0.0174752 0.0797431 0.702273 0.00406248 0 0.00359812 0.00362124 0.00364001 0.00367754 0.00382069 0.0304266 0.0107553 
0.00885081 0.00863596 0.0119308 0.00932479 0.0111906 0.0112286 0.0112877 0.0123357 0.0122762 0.0139157 0.00915638 0.00925184 0.00870521 0.00958333 0.0140105 0.0124655 0.013846 0.00849878 0.00875042 0.0142428 0.0184335 0.0175538 0.0102539 0.00936343 0.0108479 0.0464825 0.0144596 0.0101461 0.0106032 0.00956694 0.0268114 0.0101175 0.0319741 0.0309305 0.0263132 0.0855928 0.0279497 0.126897 0.0103779 0.0132461 0.0112521 0.0101243 0.0104975 0.00923528 0.0129329 0.0153899 0.0173335 0.0157561 0.00849272 0.00902375 0.0194752 0.0353662 0.764868 0.0118501 0.00357514 0.00359812 0 0.00356916 0.0035836 0.00357952 0.00361115 0.0142096 0.00996645 
0.00819419 0.0102442 0.00930961 0.0120017 0.00995571 0.0126724 0.0131179 0.0120929 0.0158824 0.010813 0.0104803 0.00850654 0.00793532 0.0101319 0.0117107 0.0228201 0.00962344 0.00915742 0.00942935 0.0101011 0.0304723 0.0193389 0.0103428 0.00849027 0.016511 0.0250142 0.025946 0.0103115 0.00884838 0.0146288 0.00977631 0.030813 0.0142244 0.0289087 0.058248 0.0408908 0.19404 0.0199343 0.0340086 0.00940327 0.00928318 0.0119248 0.00908787 0.00959799 0.0114415 0.021442 0.0257446 0.0237019 0.00960939 0.0119017 0.0206069 0.839082 0.0319956 0.00762407 0.00358419 0.00362124 0.00356916 0 0.00358212 0.0036045 0.00360083 0.0156004 0.00933514 
0.00831882 0.00864838 0.0101968 0.00937968 0.0100704 0.0108256 0.0109768 0.0112195 0.0110804 0.0106524 0.00881699 0.00871999 0.00842185 0.00901834 0.0112914 0.0132577 0.010972 0.00852356 0.00868891 0.0102199 0.0147442 0.0149247 0.0104286 0.00890858 0.0100815 0.027654 0.0121992 0.0101389 0.00939997 0.00891142 0.0165441 0.00995395 0.0177697 0.0192454 0.025663 0.0956401 0.0276234 0.050011 0.0108797 0.0131718 0.00973933 0.0104658 0.00944517 0.00908401 0.0122844 0.0181077 0.0241273 0.0122468 0.00868335 0.0172786 0.698823 0.0338754 0.0143615 0.00799666 0.00376096 0.00364001 0.0035836 0.00358212 0 0.00355724 0.00355997 0.0148402 0.0113067 
0.00813897 0.00858547 0.00912662 0.0086009 0.00900954 0.00919751 0.00895076 0.0089907 0.00958808 0.00863179 0.00856341 0.0084447 0.00839512 0.00989217 0.00953965 0.00960879 0.00891322 0.00840277 0.00918264 0.00894408 0.0101278 0.011871 0.00940889 0.00913888 0.00976106 0.0108171 0.0126849 0.00934097 0.00938059 0.0105949 0.00871665 0.00918431 0.00942277 0.0106009 0.0175505 0.014777 0.0188318 0.010665 0.0165562 0.00964182 0.0104132 0.0112858 0.0113793 0.0135139 0.0138757 0.0307419 0.0136134 0.0161059 0.0105422 0.487898 0.0409669 0.0140332 0.0151194 0.0103243 0.00379755 0.00367754 0.00357952 0.0036045 0.00355724 0 0.00365761 0.026994 0.0126088 
