1NI0C
SHPDLNKLLELWPHIQEYQDLALKHGINDIFQDNGGKLLQVLLITGLTVLPGREGNDAVDNAGQEYELKSINIDLTKGFSTHHHMNPVIIAKFRQVPWIFAIYRGIAIEAIYRLEPKDLEFYYDKWERKWYSDGHKDINNPKIPVKYVMEHGTKIYAA
CCCCHHHHHHHHHHHHHHHHHHHHCCCCCCCCCCHHHHHHHHHHHCCEECCCCCCCEEECCCCCEEEEEEEECCCCCCEECCCCECHHHHHHHCCCCEEEEEEECCEEEEEEEECHHHHHHHHHHHHHHHHCCCCCCECCCEECHHHHHHHCEEEECC
0 0 0 0 0 0 0 0 0 0 0 0 0 0 0 0 0 0 0 0 0 0 0 0 0 0 0 0 0 0 0 0 0 0 0 0 0 0 0 0 0 0 0 0 0 0 0 0 0 0 0 0 0 0 0 0 0 0 0 0 0 0 0 0 0 0 0 0 0 0 0 0 0 0 0 0 0 0 0 0 0 0 0 0 0 0 0 0 0 0 0 0 0 0 0 0 0 0 0 0 0 0 0 0 0 0 0 0 0 0 0 0 0 0 0 0 0 0 0 0 0 0 0 0 0 0 0 0 0 0 0 0 0 0 0 0 0 0 0 0 0 0 0 0 0 0 0 0 0 0 0 0 0 0 0 0 0 0 
0 0 0 0 0 0 0 0 0 0 0 0 0 0 0 0 0 0 0 0 0 0 0 0 0 0 0 0 0 0 0 0 0 0 0 0 0 0 0 0 0 0 0 0 0 0 0 0 0 0 0 0 0 0 0 0 0 0 0 0 0 0 0 0 0 0 0 0 0 0 0 0 0 0 0 0 0 0 0 0 0 0 0 0 0 0 0 0 0 0 0 0 0 0 0 0 0 0 0 0 0 0 0 0 0 0 0 0 0 0 0 0 0 0 0 0 0 0 0 0 0 0 0 0 0 0 0 0 0 0 0 0 0 0 0 0 0 0 0 0 0 0 0 0 0 0 0 0 0 0 0 0 0 0 0 0 0 0 
0 0.00466478 0.021897 0.0383801 0.269407 0.0201485 0.0120069 0.0120662 0.0100244 0.0117813 0.0168173 0.0119475 0.0345849 0.0128664 0.0308582 0.0229139 0.0178132 0.0136127 0.0112358 0.0123183 0.00985109 0.0103013 0.0130789 0.0226511 0.00972837 0.0110676 0.00959925 0.00971262 0.00922615 0.0106794 0.0111273 0.011258 0.0112165 0.00946701 0.00906253 0.00839642 0.00856408 0.00976337 
0.00466478 0 0.0419004 0.219837 0.0289277 0.0120708 0.0175307 0.00975564 0.0239589 0.0128553 0.0102719 0.029014 0.0138414 0.0427785 0.0141343 0.0233718 0.0311342 0.0158747 0.0143626 0.0148785 0.0123659 0.0124969 0.011921 0.0130852 0.0165123 0.00960298 0.0112186 0.010324 0.0108474 0.0100792 0.0150422 0.0159362 0.00996368 0.00978949 0.00996583 0.00819263 0.00865492 0.00862522 
0.021897 0.0419004 0 0.0037429 0.00385012 0.00614301 0.00664658 0.790026 0.0111846 0.00631163 0.0082728 0.00761585 0.0187781 0.00897417 0.013517 0.0127337 0.0184134 0.0128168 0.0124627 0.0114944 0.0102354 0.00962165 0.013041 0.0145897 0.0089481 0.0116531 0.00961859 0.0095014 0.00941917 0.0107079 0.0135691 0.0100112 0.00884188 0.00935251 0.00823376 0.0080361 0.00819769 0.0101529 
0.0383801 0.219837 0.0037429 0 0.00365406 0.0081587 0.912479 0.0121906 0.00794852 0.00657192 0.00701055 0.0122862 0.0082739 0.0138881 0.013785 0.0105936 0.0148305 0.0295165 0.0147439 0.016303 0.0117937 0.0177855 0.00914013 0.00977882 0.0148287 0.0107641 0.0125554 0.0105691 0.0101782 0.0135393 0.00929678 0.00861205 0.00864169 0.00869402 0.00851328 0.00827159 0.00850075 0.00817083 
0.269407 0.0289277 0.00385012 0.00365406 0 0.95676 0.00796255 0.00536422 0.00702994 0.00712508 0.00615024 0.00683596 0.00983795 0.0190636 0.0107384 0.0199141 0.022679 0.0114529 0.0116528 0.0121228 0.0110822 0.009934 0.0111065 0.0151113 0.0126608 0.00880818 0.00996196 0.00963263 0.0100039 0.00900532 0.0190852 0.0136077 0.00883262 0.00982348 0.0102912 0.00839338 0.00861998 0.00884421 
0.0201485 0.0120708 0.00614301 0.0081587 0.95676 0 0.00395896 0.00356896 0.00359863 0.00366385 0.00399139 0.003767 0.00725821 0.00654044 0.0102465 0.0103436 0.0138726 0.0107163 0.010722 0.0107988 0.010255 0.0103758 0.0140012 0.0178335 0.00891581 0.0113755 0.00889807 0.010172 0.00934505 0.0149778 0.0135611 0.0102205 0.00910515 0.00899061 0.00847885 0.00815908 0.00853628 0.0104104 
0.0120069 0.0175307 0.00664658 0.912479 0.00796255 0.00395896 0 0.00355345 0.00357132 0.00359635 0.00370819 0.00438147 0.00402937 0.00762069 0.00761276 0.00792607 0.0217551 0.0308174 0.0213505 0.0153588 0.0145372 0.016055 0.0112561 0.00915195 0.0291192 0.00921712 0.0213621 0.00975861 0.0192969 0.0130995 0.0150305 0.011661 0.00817384 0.0104501 0.00813336 0.00822726 0.00910885 0.00910341 
0.0120662 0.00975564 0.790026 0.0121906 0.00536422 0.00356896 0.00355345 0 0.00353842 0.00357 0.00503165 0.00359807 0.00393284 0.00608761 0.00728998 0.00642124 0.0464866 0.0218662 0.0256524 0.0359412 0.0226119 0.0168144 0.0102421 0.0163428 0.00923904 0.036894 0.0126951 0.0479195 0.0174401 0.0253215 0.00940303 0.00853247 0.00892113 0.00839998 0.00887794 0.00849577 0.0086774 0.00873655 
0.0100244 0.0239589 0.0111846 0.00794852 0.00702994 0.00359863 0.00357132 0.00353842 0 0.00354061 0.00358207 0.00356344 0.00355956 0.00685757 0.00676354 0.00719394 0.0169535 0.0431919 0.0271642 0.0295591 0.0194072 0.0131761 0.00998867 0.00908828 0.023339 0.0103688 0.0373339 0.019945 0.0236358 0.0103316 0.0118946 0.00950742 0.00821007 0.00944189 0.00839016 0.0083253 0.0089409 0.00861117 
0.0117813 0.0128553 0.00631163 0.00657192 0.00712508 0.00366385 0.00359635 0.00357 0.00354061 0 0.00356514 0.0035852 0.00356476 0.00579472 0.00776302 0.00941975 0.0209029 0.0145313 0.0557115 0.0231691 0.019758 0.0108409 0.00964115 0.00942922 0.0118301 0.0117545 0.0200864 0.0149016 0.0176655 0.00926116 0.0112979 0.0086335 0.00821474 0.00887873 0.00819481 0.00823756 0.00877474 0.00862848 
0.0168173 0.0102719 0.0082728 0.00701055 0.00615024 0.00399139 0.00370819 0.00503165 0.00358207 0.00356514 0 0.00353941 0.00354951 0.00637977 0.0272467 0.00638996 0.0170506 0.0270348 0.0274234 0.0673094 0.0192305 0.0108575 0.00913634 0.0181275 0.00945795 0.0415793 0.0133707 0.0234217 0.0122162 0.0238517 0.00872635 0.0082487 0.00907103 0.00838744 0.00881215 0.00838928 0.00865446 0.00850707 
0.0119475 0.029014 0.00761585 0.0122862 0.00683596 0.003767 0.00438147 0.00359807 0.00356344 0.0035852 0.00353941 0 0.00355904 0.0426851 0.0123484 0.00748393 0.0199264 0.0405066 0.0265322 0.0183495 0.0397151 0.0158779 0.0107219 0.00943526 0.0583175 0.00938158 0.0258129 0.0101903 0.0220698 0.0099366 0.0161432 0.0136547 0.00836003 0.0125593 0.00851529 0.00845328 0.0100662 0.00834136 
0.0345849 0.0138414 0.0187781 0.0082739 0.00983795 0.00725821 0.00402937 0.00393284 0.00355956 0.00356476 0.00354951 0.00355904 0 0.03292 0.0134437 0.00891612 0.0270251 0.0123028 0.0106853 0.0174462 0.0105558 0.0176327 0.0128686 0.050716 0.00930976 0.011815 0.00958489 0.0120239 0.00935407 0.0143971 0.01124 0.0115666 0.013321 0.00856581 0.0127108 0.00849079 0.00851276 0.0101199 
0.0128664 0.0427785 0.00897417 0.0138881 0.0190636 0.00654044 0.00762069 0.00608761 0.00685757 0.00579472 0.00637977 0.0426851 0.03292 0 0.00467369 0.0136206 0.0159283 0.0142637 0.0114557 0.0102378 0.0103765 0.0130967 0.0166609 0.00980081 0.0149302 0.00867948 0.00991449 0.00897206 0.00932924 0.010044 0.0365685 0.0211409 0.00853134 0.0257476 0.00853305 0.00835018 0.00877477 0.0111693 
0.0308582 0.0141343 0.013517 0.013785 0.0107384 0.0102465 0.00761276 0.00728998 0.00676354 0.00776302 0.0272467 0.0123484 0.0134437 0.00467369 0 0.0302228 0.0177884 0.0125572 0.00995883 0.0129486 0.0105075 0.0142539 0.0120883 0.0253651 0.00867458 0.00995115 0.00891498 0.00954549 0.00886728 0.0146688 0.00911616 0.00979253 0.0140144 0.00839784 0.00944222 0.0081653 0.00836696 0.00897858 
0.0229139 0.0233718 0.0127337 0.0105936 0.0199141 0.0103436 0.00792607 0.00642124 0.00719394 0.00941975 0.00638996 0.00748393 0.00891612 0.0136206 0.0302228 0 0.0142279 0.00852923 0.0073148 0.00663474 0.00689604 0.0092007 0.00843212 0.0119107 0.011947 0.00747497 0.00820814 0.009729 0.0105648 0.00947086 0.025032 0.177693 0.0116149 0.0217117 0.0128784 0.00827938 0.00867387 0.0122192 
0.0178132 0.0311342 0.0184134 0.0148305 0.022679 0.0138726 0.0217551 0.0464866 0.0169535 0.0209029 0.0170506 0.0199264 0.0270251 0.0159283 0.0177884 0.0142279 0 0.00363476 0.00358129 0.00362738 0.00364061 0.00385068 0.00459088 0.00698803 0.00676543 0.00768382 0.00842994 0.00717234 0.0226822 0.047245 0.842893 0.0147365 0.0125292 0.0213147 0.0105449 0.00971804 0.0100548 0.0179559 
0.0136127 0.0158747 0.0128168 0.0295165 0.0114529 0.0107163 0.0308174 0.0218662 0.0431919 0.0145313 0.0270348 0.0405066 0.0123028 0.0142637 0.0125572 0.00852923 0.00363476 0 0.00357403 0.00366291 0.00364384 0.00553772 0.00385416 0.006142 0.00812404 0.0070044 0.00943469 0.018383 0.0438418 0.894207 0.0126887 0.0119872 0.0103944 0.0124028 0.00937651 0.0100409 0.0168152 0.00972662 
0.0112358 0.0143626 0.0124627 0.0147439 0.0116528 0.010722 0.0213505 0.0256524 0.0271642 0.0557115 0.0274234 0.0265322 0.0106853 0.0114557 0.00995883 0.0073148 0.00358129 0.00357403 0 0.00358437 0.0035677 0.00375317 0.00364095 0.00551555 0.00649991 0.00709132 0.0224478 0.0280152 0.856058 0.0109487 0.00969247 0.0108946 0.0103862 0.0110634 0.00974343 0.0110505 0.0116864 0.0101827 
0.0123183 0.0148785 0.0114944 0.016303 0.0121228 0.0107988 0.0153588 0.0359412 0.0295591 0.0231691 0.0673094 0.0183495 0.0174462 0.0102378 0.0129486 0.00663474 0.00362738 0.00366291 0.00358437 0 0.00357904 0.00358019 0.00360427 0.00538843 0.00658659 0.0301221 0.0381178 0.910641 0.0171039 0.0270065 0.00689199 0.0105259 0.0103231 0.0105873 0.00972351 0.0116123 0.01184 0.0102278 
0.00985109 0.0123659 0.0102354 0.0117937 0.0110822 0.010255 0.0145372 0.0226119 0.0194072 0.019758 0.0192305 0.0397151 0.0105558 0.0103765 0.0105075 0.00689604 0.00364061 0.00364384 0.0035677 0.00357904 0 0.00355664 0.00356745 0.00386402 0.0139042 0.0470243 0.853427 0.0109305 0.0139305 0.00971269 0.00718427 0.0100307 0.00918508 0.010525 0.00930761 0.0100858 0.0116608 0.00958063 
0.0103013 0.0124969 0.00962165 0.0177855 0.009934 0.0103758 0.016055 0.0168144 0.0131761 0.0108409 0.0108575 0.0158779 0.0176327 0.0130967 0.0142539 0.0092007 0.00385068 0.00553772 0.00375317 0.00358019 0.00355664 0 0.00386767 0.00770564 0.803977 0.035053 0.0114127 0.0055731 0.00925481 0.00959695 0.00803299 0.0115163 0.00960066 0.0110586 0.0103157 0.0101406 0.0103685 0.00920517 
0.0130789 0.011921 0.013041 0.00914013 0.0111065 0.0140012 0.0112561 0.0102421 0.00998867 0.00964115 0.00913634 0.0107219 0.0128686 0.0166609 0.0120883 0.00843212 0.00459088 0.00385416 0.00364095 0.00360427 0.00356745 0.00386767 0 0.888161 0.0244514 0.00403781 0.00392404 0.0040573 0.00602915 0.00559252 0.00602136 0.0130418 0.0120033 0.010424 0.0146798 0.00863046 0.00912037 0.00959102 
0.0226511 0.0130852 0.0145897 0.00977882 0.0151113 0.0178335 0.00915195 0.0163428 0.00908828 0.00942922 0.0181275 0.00943526 0.050716 0.00980081 0.0253651 0.0119107 0.00698803 0.006142 0.00551555 0.00538843 0.00386402 0.00770564 0.888161 0 0.00379698 0.0035936 0.00360775 0.00379304 0.00377423 0.00906221 0.00452453 0.0200109 0.0260272 0.0110115 0.0146183 0.0109872 0.0109688 0.02586 
0.00972837 0.0165123 0.0089481 0.0148287 0.0126608 0.00891581 0.0291192 0.00923904 0.023339 0.0118301 0.00945795 0.0583175 0.00930976 0.0149302 0.00867458 0.011947 0.00676543 0.00812404 0.00649991 0.00658659 0.0139042 0.803977 0.0244514 0.00379698 0 0.00355549 0.00363768 0.0036802 0.00429696 0.00402322 0.00883991 0.0271137 0.00880099 0.0328956 0.00882975 0.00972838 0.0219975 0.00984593 
0.0110676 0.00960298 0.0116531 0.0107641 0.00880818 0.0113755 0.00921712 0.036894 0.0103688 0.0117545 0.0415793 0.00938158 0.011815 0.00867948 0.00995115 0.00747497 0.00768382 0.0070044 0.00709132 0.0301221 0.0470243 0.035053 0.00403781 0.0035936 0.00355549 0 0.00356194 0.00358627 0.00358638 0.0039336 0.00366317 0.00904434 0.0135424 0.00860085 0.0104374 0.0103489 0.0107015 0.00978137 
0.00959925 0.0112186 0.00961859 0.0125554 0.00996196 0.00889807 0.0213621 0.0126951 0.0373339 0.0200864 0.0133707 0.0258129 0.00958489 0.00991449 0.00891498 0.00820814 0.00842994 0.00943469 0.0224478 0.0381178 0.853427 0.0114127 0.00392404 0.00360775 0.00363768 0.00356194 0 0.00355514 0.00357852 0.00517597 0.00381048 0.0146757 0.00883184 0.0137313 0.00977918 0.0103677 0.0123627 0.00934801 
0.00971262 0.010324 0.0095014 0.0105691 0.00963263 0.010172 0.00975861 0.0479195 0.019945 0.0149016 0.0234217 0.0101903 0.0120239 0.00897206 0.00954549 0.009729 0.00717234 0.018383 0.0280152 0.910641 0.0109305 0.0055731 0.0040573 0.00379304 0.0036802 0.00358627 0.00355514 0 0.00354148 0.00369347 0.00358499 0.0102725 0.0102425 0.00972293 0.00974095 0.00949465 0.0112156 0.0111433 
0.00922615 0.0108474 0.00941917 0.0101782 0.0100039 0.00934505 0.0192969 0.0174401 0.0236358 0.0176655 0.0122162 0.0220698 0.00935407 0.00932924 0.00886728 0.0105648 0.0226822 0.0438418 0.856058 0.0171039 0.0139305 0.00925481 0.00602915 0.00377423 0.00429696 0.00358638 0.00357852 0.00354148 0 0.00355383 0.00373627 0.0139394 0.00926204 0.0160723 0.00953291 0.0130461 0.0149009 0.00950827 
0.0106794 0.0100792 0.0107079 0.0135393 0.00900532 0.0149778 0.0130995 0.0253215 0.0103316 0.00926116 0.0238517 0.0099366 0.0143971 0.010044 0.0146688 0.00947086 0.047245 0.894207 0.0109487 0.0270065 0.00971269 0.00959695 0.00559252 0.00906221 0.00402322 0.0039336 0.00517597 0.00369347 0.00355383 0 0.00379906 0.0103031 0.0256096 0.00910348 0.0137242 0.0120725 0.0103714 0.0101698 
0.0111273 0.0150422 0.0135691 0.00929678 0.0190852 0.0135611 0.0150305 0.00940303 0.0118946 0.0112979 0.00872635 0.0161432 0.01124 0.0365685 0.00911616 0.025032 0.842893 0.0126887 0.00969247 0.00689199 0.00718427 0.00803299 0.00602136 0.00452453 0.00883991 0.00366317 0.00381048 0.00358499 0.00373627 0.00379906 0 0.0680209 0.0106685 0.0533298 0.0193917 0.00913675 0.0130088 0.01208 
0.011258 0.0159362 0.0100112 0.00861205 0.0136077 0.0102205 0.011661 0.00853247 0.00950742 0.0086335 0.0082487 0.0136547 0.0115666 0.0211409 0.00979253 0.177693 0.0147365 0.0119872 0.0108946 0.0105259 0.0100307 0.0115163 0.0130418 0.0200109 0.0271137 0.00904434 0.0146757 0.0102725 0.0139394 0.0103031 0.0680209 0 0.0430402 0.0305886 0.0186279 0.0112665 0.0121924 0.0186459 
0.0112165 0.00996368 0.00884188 0.00864169 0.00883262 0.00910515 0.00817384 0.00892113 0.00821007 0.00821474 0.00907103 0.00836003 0.013321 0.00853134 0.0140144 0.0116149 0.0125292 0.0103944 0.0103862 0.0103231 0.00918508 0.00960066 0.0120033 0.0260272 0.00880099 0.0135424 0.00883184 0.0102425 0.00926204 0.0256096 0.0106685 0.0430402 0 0.0041732 0.00865039 0.0121572 0.00855773 0.016541 
0.00946701 0.00978949 0.00935251 0.00869402 0.00982348 0.00899061 0.0104501 0.00839998 0.00944189 0.00887873 0.00838744 0.0125593 0.00856581 0.0257476 0.00839784 0.0217117 0.0213147 0.0124028 0.0110634 0.0105873 0.010525 0.0110586 0.010424 0.0110115 0.0328956 0.00860085 0.0137313 0.00972293 0.0160723 0.00910348 0.0533298 0.0305886 0.0041732 0 0.0114238 0.00799269 0.0082804 0.00797337 
0.00906253 0.00996583 0.00823376 0.00851328 0.0102912 0.00847885 0.00813336 0.00887794 0.00839016 0.00819481 0.00881215 0.00851529 0.0127108 0.00853305 0.00944222 0.0128784 0.0105449 0.00937651 0.00974343 0.00972351 0.00930761 0.0103157 0.0146798 0.0146183 0.00882975 0.0104374 0.00977918 0.00974095 0.00953291 0.0137242 0.0193917 0.0186279 0.00865039 0.0114238 0 0.00771286 0.00362995 0.00858804 
0.00839642 0.00819263 0.0080361 0.00827159 0.00839338 0.00815908 0.00822726 0.00849577 0.0083253 0.00823756 0.00838928 0.00845328 0.00849079 0.00835018 0.0081653 0.00827938 0.00971804 0.0100409 0.0110505 0.0116123 0.0100858 0.0101406 0.00863046 0.0109872 0.00972838 0.0103489 0.0103677 0.00949465 0.0130461 0.0120725 0.00913675 0.0112665 0.0121572 0.00799269 0.00771286 0 0.00501664 0.00404707 
0.00856408 0.00865492 0.00819769 0.00850075 0.00861998 0.00853628 0.00910885 0.0086774 0.0089409 0.00877474 0.00865446 0.0100662 0.00851276 0.00877477 0.00836696 0.00867387 0.0100548 0.0168152 0.0116864 0.01184 0.0116608 0.0103685 0.00912037 0.0109688 0.0219975 0.0107015 0.0123627 0.0112156 0.0149009 0.0103714 0.0130088 0.0121924 0.00855773 0.0082804 0.00362995 0.00501664 0 0.00367162 
0.00976337 0.00862522 0.0101529 0.00817083 0.00884421 0.0104104 0.00910341 0.00873655 0.00861117 0.00862848 0.00850707 0.00834136 0.0101199 0.0111693 0.00897858 0.0122192 0.0179559 0.00972662 0.0101827 0.0102278 0.00958063 0.00920517 0.00959102 0.02586 0.00984593 0.00978137 0.00934801 0.0111433 0.00950827 0.0101698 0.01208 0.0186459 0.016541 0.00797337 0.00858804 0.00404707 0.00367162 0 
