1NW2A
ATMTLTDANFQQAIQGDKPVLVDFWAAWCGPCRMMAPVLEEFAEAHADKVTVAKLNVDENPETTSQFGIMSIPTLILFKGGEPVKQLIGYQPKEQLEAQLADVLQ
CCEEECCCCHHHHCCCCCCEEEEEECCCCHHHHHHHHHHHHHHHHHCCCCEEEEEECCCCHHHHHHCCCCECCEEEEEECCEEEEEEECCCCHHHHHHHCCCCCC
0 0 0 0 0 0 0 0 0 0 0 0 0 0 0 0 0 0 0 0 0 0 0 0 0 0 0 0 0 0 0 0 0 0 0 0 0 0 0 0 0 0 0 0 0 0 0 0 0 0 0 0 0 0 0 0 0 0 0 0 0 0 0 0 0 0 0 0 0 0 0 0 0 0 0 0 0 0 0 0 0 0 0 0 0 0 0 0 0 0 0 0 0 0 0 0 0 0 0 0 0 0 0 0 0 
0 0 0 0 0 0 0 0 0 0 0 0 0 0 0 0 0 0 0 0 0 0 0 0 0 0 0 0 0 0 0 0 0 0 0 0 0 0 0 0 0 0 0 0 0 0 0 0 0 0 0 0 0 0 0 0 0 0 0 0 0 0 0 0 0 0 0 0 0 0 0 0 0 0 0 0 0 0 0 0 0 0 0 0 0 0 0 0 0 0 0 0 0 0 0 0 0 0 0 0 0 0 0 0 0 
0 0.00385901 0.00451604 0.0571899 0.03029 0.0240981 0.0148655 0.0132268 0.0243089 0.030166 0.0153321 0.0123813 0.0142065 0.015106 0.012748 0.0124425 0.0133312 0.0137121 0.014472 0.0098774 0.00947414 0.0107078 0.00838599 0.00843655 0.00878447 0.00886651 0.00979436 0.00897566 0.0112869 
0.00385901 0 0.00369657 0.0176129 0.0855919 0.0141393 0.0168492 0.0134543 0.0115134 0.0176521 0.0115589 0.0110183 0.01534 0.0108721 0.0121806 0.00900443 0.0106064 0.0133848 0.0124817 0.0109192 0.0103903 0.00828275 0.00892588 0.00878282 0.00865558 0.00939984 0.00931922 0.0127829 0.00865125 
0.00451604 0.00369657 0 0.0226272 0.0115936 0.0271849 0.00840048 0.0267639 0.0168846 0.0115702 0.0175891 0.0101885 0.00926575 0.0183367 0.00918262 0.0143322 0.0155072 0.0111306 0.0101999 0.00915356 0.0103166 0.00874003 0.00922529 0.00848981 0.0088975 0.00877594 0.00912894 0.0095015 0.0101932 
0.0571899 0.0176129 0.0226272 0 0.00377554 0.00362358 0.00356834 0.00362959 0.00411432 0.717141 0.0279135 0.0267504 0.018554 0.0171872 0.0269954 0.0236166 0.0637764 0.0383162 0.0237394 0.0170198 0.0141211 0.0163693 0.0147401 0.0116737 0.0122776 0.0139884 0.0162475 0.0118478 0.0232196 
0.03029 0.0855919 0.0115936 0.00377554 0 0.00362891 0.00357144 0.00364142 0.00362832 0.0570057 0.66799 0.0238732 0.053807 0.024406 0.0159112 0.0114225 0.0323698 0.0953836 0.0607161 0.0480604 0.0216068 0.00963388 0.00958989 0.0184589 0.0217287 0.0306166 0.0324143 0.0504289 0.0108264 
0.0240981 0.0141393 0.0271849 0.00362358 0.00362891 0 0.00356286 0.00354487 0.00368286 0.0294753 0.0454063 0.638266 0.0322891 0.100777 0.0105716 0.0105148 0.0194304 0.0611498 0.252948 0.0760174 0.0205989 0.00956137 0.00926883 0.0157839 0.0471795 0.0523582 0.0900184 0.0243187 0.0164878 
0.0148655 0.0168492 0.00840048 0.00356834 0.00357144 0.00356286 0 0.00434065 0.00354832 0.0239573 0.0482458 0.0385677 0.689053 0.00954367 0.0225989 0.00911623 0.0158602 0.0369485 0.0905179 0.0871643 0.010805 0.00936038 0.00973342 0.0109136 0.0218009 0.0477081 0.0383731 0.0249173 0.010556 
0.0132268 0.0134543 0.0267639 0.00362959 0.00364142 0.00354487 0.00434065 0 0.00390602 0.0112143 0.0472048 0.0797767 0.0171979 0.625858 0.0113383 0.011159 0.0142378 0.0386436 0.025951 0.0163394 0.0369631 0.00874845 0.00882867 0.0143228 0.01639 0.0145117 0.0198135 0.0266358 0.0127549 
0.0243089 0.0115134 0.0168846 0.00411432 0.00362832 0.00368286 0.00354832 0.00390602 0 0.0349084 0.0137279 0.0149635 0.0330209 0.0132047 0.571247 0.0165492 0.0307737 0.0106559 0.0125577 0.0115101 0.00947267 0.0124205 0.0159729 0.00917355 0.0101907 0.00978934 0.00985124 0.0115963 0.0185934 
0.030166 0.0176521 0.0115702 0.717141 0.0570057 0.0294753 0.0239573 0.0112143 0.0349084 0 0.00388866 0.00360782 0.00420501 0.00369528 0.00775658 0.0258576 0.0720401 0.0151537 0.0176652 0.0151874 0.0121264 0.023488 0.0226855 0.0104453 0.0105942 0.0125103 0.0132084 0.0122365 0.0196931 
0.0153321 0.0115589 0.0175891 0.0279135 0.66799 0.0454063 0.0482458 0.0472048 0.0137279 0.00388866 0 0.00361 0.00362717 0.00380033 0.00371105 0.0149489 0.0226193 0.0959582 0.0183983 0.014966 0.0520816 0.0110649 0.00949147 0.0182938 0.0141469 0.0162345 0.0177148 0.0328743 0.0120918 
0.0123813 0.0110183 0.0101885 0.0267504 0.0238732 0.638266 0.0385677 0.0797767 0.0149635 0.00360782 0.00361 0 0.00358434 0.00357463 0.00358956 0.0106883 0.0262581 0.0290133 0.0584256 0.0410809 0.0163842 0.00920643 0.00985767 0.0131167 0.0185747 0.0273793 0.0386558 0.0195321 0.0135021 
0.0142065 0.01534 0.00926575 0.018554 0.053807 0.0322891 0.689053 0.0171979 0.0330209 0.00420501 0.00362717 0.00358434 0 0.00353898 0.003565 0.00982635 0.0255546 0.0349693 0.0944462 0.0589342 0.0113927 0.0100914 0.0104217 0.0102903 0.0203718 0.0324912 0.0358382 0.0215693 0.0133448 
0.015106 0.0108721 0.0183367 0.0171872 0.024406 0.100777 0.00954367 0.625858 0.0132047 0.00369528 0.00380033 0.00357463 0.00353898 0 0.00358321 0.0144061 0.0138153 0.0953851 0.0407152 0.0143178 0.0372649 0.00961851 0.00865829 0.0154389 0.0147808 0.0147856 0.0185345 0.0315998 0.0144678 
0.012748 0.0121806 0.00918262 0.0269954 0.0159112 0.0105716 0.0225989 0.0113383 0.571247 0.00775658 0.00371105 0.00358956 0.003565 0.00358321 0 0.0344053 0.0577772 0.0119273 0.017706 0.0191248 0.0116671 0.0188468 0.0169752 0.00942315 0.0106235 0.0112645 0.0112643 0.0147501 0.0280024 
0.0124425 0.00900443 0.0143322 0.0236166 0.0114225 0.0105148 0.00911623 0.011159 0.0165492 0.0258576 0.0149489 0.0106883 0.00982635 0.0144061 0.0344053 0 0.00443409 0.00458885 0.00395618 0.00385917 0.00442495 0.00556387 0.00676035 0.00658982 0.00668917 0.00698138 0.00830551 0.0108177 0.026742 
0.0133312 0.0106064 0.0155072 0.0637764 0.0323698 0.0194304 0.0158602 0.0142378 0.0307737 0.0720401 0.0226193 0.0262581 0.0255546 0.0138153 0.0577772 0.00443409 0 0.00369281 0.00362749 0.0036318 0.00366712 0.00439973 0.00518427 0.00570193 0.00646076 0.00719004 0.0259573 0.0459525 0.895898 
0.0137121 0.0133848 0.0111306 0.0383162 0.0953836 0.0611498 0.0369485 0.0386436 0.0106559 0.0151537 0.0959582 0.0290133 0.0349693 0.0953851 0.0119273 0.00458885 0.00369281 0 0.00375024 0.00362056 0.00423292 0.00367193 0.00440416 0.0107039 0.00625609 0.0162549 0.0999647 0.905802 0.0147784 
0.014472 0.0124817 0.0101999 0.0237394 0.0607161 0.252948 0.0905179 0.025951 0.0125577 0.0176652 0.0183983 0.0584256 0.0944462 0.0407152 0.017706 0.00395618 0.00362749 0.00375024 0 0.00356377 0.00356633 0.00359243 0.00439807 0.00607873 0.0108785 0.0737749 0.943422 0.0114355 0.00973162 
0.0098774 0.0109192 0.00915356 0.0170198 0.0480604 0.0760174 0.0871643 0.0163394 0.0115101 0.0151874 0.014966 0.0410809 0.0589342 0.0143178 0.0191248 0.00385917 0.0036318 0.00362056 0.00356377 0 0.00361169 0.00356602 0.00436118 0.00844588 0.0790692 0.879432 0.0169925 0.00974136 0.00849088 
0.00947414 0.0103903 0.0103166 0.0141211 0.0216068 0.0205989 0.010805 0.0369631 0.00947267 0.0121264 0.0520816 0.0163842 0.0113927 0.0372649 0.0116671 0.00442495 0.00366712 0.00423292 0.00356633 0.00361169 0 0.00370129 0.0044596 0.950531 0.110295 0.00603413 0.00696805 0.00888648 0.009947 
0.0107078 0.00828275 0.00874003 0.0163693 0.00963388 0.00956137 0.00936038 0.00874845 0.0124205 0.023488 0.0110649 0.00920643 0.0100914 0.00961851 0.0188468 0.00556387 0.00439973 0.00367193 0.00359243 0.00356602 0.00370129 0 0.991029 0.0303932 0.00391368 0.00402297 0.00446912 0.00662588 0.00752838 
0.00838599 0.00892588 0.00922529 0.0147401 0.00958989 0.00926883 0.00973342 0.00882867 0.0159729 0.0226855 0.00949147 0.00985767 0.0104217 0.00865829 0.0169752 0.00676035 0.00518427 0.00440416 0.00439807 0.00436118 0.0044596 0.991029 0 0.00358283 0.00355298 0.00358861 0.0035801 0.00366076 0.00552036 
0.00843655 0.00878282 0.00848981 0.0116737 0.0184589 0.0157839 0.0109136 0.0143228 0.00917355 0.0104453 0.0182938 0.0131167 0.0102903 0.0154389 0.00942315 0.00658982 0.00570193 0.0107039 0.00607873 0.00844588 0.950531 0.0303932 0.00358283 0 0.00354753 0.00354743 0.00354425 0.00378303 0.00385669 
0.00878447 0.00865558 0.0088975 0.0122776 0.0217287 0.0471795 0.0218009 0.01639 0.0101907 0.0105942 0.0141469 0.0185747 0.0203718 0.0147808 0.0106235 0.00668917 0.00646076 0.00625609 0.0108785 0.0790692 0.110295 0.00391368 0.00355298 0.00354753 0 0.00355992 0.00354521 0.00355792 0.0036236 
0.00886651 0.00939984 0.00877594 0.0139884 0.0306166 0.0523582 0.0477081 0.0145117 0.00978934 0.0125103 0.0162345 0.0273793 0.0324912 0.0147856 0.0112645 0.00698138 0.00719004 0.0162549 0.0737749 0.879432 0.00603413 0.00402297 0.00358861 0.00354743 0.00355992 0 0.00354343 0.00355278 0.00359892 
0.00979436 0.00931922 0.00912894 0.0162475 0.0324143 0.0900184 0.0383731 0.0198135 0.00985124 0.0132084 0.0177148 0.0386558 0.0358382 0.0185345 0.0112643 0.00830551 0.0259573 0.0999647 0.943422 0.0169925 0.00696805 0.00446912 0.0035801 0.00354425 0.00354521 0.00354343 0 0.00354874 0.00356443 
0.00897566 0.0127829 0.0095015 0.0118478 0.0504289 0.0243187 0.0249173 0.0266358 0.0115963 0.0122365 0.0328743 0.0195321 0.0215693 0.0315998 0.0147501 0.0108177 0.0459525 0.905802 0.0114355 0.00974136 0.00888648 0.00662588 0.00366076 0.00378303 0.00355792 0.00355278 0.00354874 0 0.00363193 
0.0112869 0.00865125 0.0101932 0.0232196 0.0108264 0.0164878 0.010556 0.0127549 0.0185934 0.0196931 0.0120918 0.0135021 0.0133448 0.0144678 0.0280024 0.026742 0.895898 0.0147784 0.00973162 0.00849088 0.009947 0.00752838 0.00552036 0.00385669 0.0036236 0.00359892 0.00356443 0.00363193 0 
