1NYCA
GSMYQLQFINLVYDTTKLTHLEQTNINLFIGNWSNHQLQKSICIRHGDDTSHNQYHILFIDTAHQRIKFSSFDNEEIIYILDYDDTQHILMQTSSKQGIGTSRPIVYERLV
CCCEEEEEEEEECCHHHCCHHHHHHHHCCCEEEEECCCCEEEEEEEECCCCCCEEEEEEEECCCCEEEEEECCEEEEEEEEEEEECCEEEEEEEECCCCCCCCCEEEEECC
0 0 0 0 0 0 0 0 0 0 0 0 0 0 0 0 0 0 0 0 0 0 0 0 0 0 0 0 0 0 0 0 0 0 0 0 0 0 0 0 0 0 0 0 0 0 0 0 0 0 0 0 0 0 0 0 0 0 0 0 0 0 0 0 0 0 0 0 0 0 0 0 0 0 0 0 0 0 0 0 0 0 0 0 0 0 0 0 0 0 0 0 0 0 0 0 0 0 0 0 0 0 0 0 0 0 0 0 0 0 0 
0 0 0 0 0 0 0 0 0 0 0 0 0 0 0 0 0 0 0 0 0 0 0 0 0 0 0 0 0 0 0 0 0 0 0 0 0 0 0 0 0 0 0 0 0 0 0 0 0 0 0 0 0 0 0 0 0 0 0 0 0 0 0 0 0 0 0 0 0 0 0 0 0 0 0 0 0 0 0 0 0 0 0 0 0 0 0 0 0 0 0 0 0 0 0 0 0 0 0 0 0 0 0 0 0 0 0 0 0 0 0 
0 0.00380514 0.00400681 0.00360595 0.00368843 0.00380716 0.00382604 0.00524865 0.014224 0.0217659 0.00990656 0.010487 0.00914526 0.0339581 0.0182283 0.0106499 0.0150591 0.0110134 0.0146696 0.0103426 0.00960054 0.0402113 0.00949506 0.0127813 0.00897371 0.0180278 0.00897969 0.010021 0.0115624 0.0179271 0.0105318 0.0155766 0.00874743 0.0126373 0.00907645 0.0200308 0.00851256 0.00861114 0.00838089 0.00865018 0.00934994 0.00998561 0.0121738 0.00935 0.00854957 0.00858813 0.00846681 0.0103545 0.00879249 0.00935913 0.00874072 0.00920759 0.00872021 0.00825016 0.00924821 0.0107754 0.00942662 0.00815419 0.00871851 0.0084257 0.0110752 
0.00380514 0 0.00355383 0.00358276 0.00358913 0.00359467 0.0041261 0.00371993 0.0043582 0.0122926 0.0288574 0.00892687 0.0619246 0.00836613 0.00959255 0.0364099 0.0106016 0.0322455 0.0113032 0.0172794 0.028046 0.0082383 0.0109229 0.00903788 0.0326504 0.00856266 0.016147 0.0159075 0.0103289 0.00911298 0.0107521 0.00963716 0.0380843 0.00867485 0.0258694 0.00839556 0.00816204 0.00835178 0.0091966 0.00867311 0.00965726 0.0216686 0.010791 0.0108924 0.00976007 0.00828348 0.00945763 0.0079857 0.00972671 0.00949633 0.0128005 0.0104225 0.00864328 0.0101056 0.00894327 0.0083701 0.00810918 0.00905446 0.00804985 0.00901404 0.00817166 
0.00400681 0.00355383 0 0.00355473 0.00359 0.00355653 0.0036032 0.00377597 0.00361481 0.0153255 0.00992524 0.0743406 0.00868416 0.0130555 0.0116116 0.0129971 0.0863584 0.0131713 0.0433147 0.0407288 0.0090876 0.011062 0.00862779 0.0269762 0.00886415 0.0849098 0.0120694 0.0143019 0.020601 0.00905854 0.00871412 0.0384082 0.00915633 0.0890733 0.00886985 0.0089505 0.00828515 0.00936441 0.00887418 0.0115704 0.0220537 0.0173894 0.0500823 0.0198472 0.0105779 0.0142579 0.00853347 0.00824923 0.00846273 0.0162194 0.0124015 0.0170055 0.0165021 0.00879432 0.00937493 0.00816851 0.00888614 0.00830362 0.0127028 0.00856367 0.00822554 
0.00360595 0.00358276 0.00355473 0 0.0036007 0.00354386 0.00355492 0.00361909 0.0038915 0.0112133 0.0414667 0.0107304 0.0309353 0.00898893 0.00938125 0.0221978 0.0395605 0.0777512 0.0366731 0.0173287 0.0183995 0.00859316 0.0200273 0.00908059 0.0533513 0.0102235 0.0360197 0.0534083 0.0102551 0.00927687 0.0123749 0.00946855 0.0891594 0.0104224 0.0146433 0.00910362 0.00849378 0.00839269 0.0112743 0.0124477 0.0162552 0.0545684 0.0278544 0.0206864 0.0185484 0.00952067 0.00884092 0.00821182 0.0100454 0.0094937 0.0325828 0.0211422 0.0126981 0.0142364 0.00849365 0.00846238 0.00837149 0.0099365 0.00868281 0.00880062 0.00839481 
0.00368843 0.00358913 0.00359 0.0036007 0 0.00355294 0.00356195 0.00356925 0.00359105 0.0380687 0.0206279 0.0345344 0.0126221 0.015395 0.0112886 0.0189698 0.0492903 0.117211 0.0389417 0.0416206 0.0129479 0.00944861 0.00902444 0.0261193 0.016118 0.0502938 0.0320382 0.026338 0.0145631 0.0114266 0.00910438 0.0314401 0.0160241 0.0257043 0.0158098 0.00937511 0.00824381 0.0132076 0.0104415 0.0145832 0.0269303 0.045417 0.0619928 0.0350594 0.0174004 0.0117739 0.00904501 0.00828852 0.00940654 0.0172311 0.0374098 0.0297782 0.0232813 0.0100493 0.00910282 0.00829752 0.00927526 0.00981833 0.0117934 0.00917491 0.00838211 
0.00380716 0.00359467 0.00355653 0.00354386 0.00355294 0 0.00354621 0.00359185 0.00361868 0.0168839 0.0255493 0.0395162 0.016504 0.0092557 0.0133662 0.0130411 0.106336 0.0252063 0.128479 0.0298698 0.0117389 0.00938291 0.0115693 0.0210289 0.0143585 0.0552432 0.0296772 0.0228698 0.0227288 0.00914687 0.0120273 0.0215453 0.014567 0.0507084 0.0113441 0.00927255 0.00895023 0.00918996 0.0107496 0.0158282 0.0320345 0.0455901 0.0756993 0.0407017 0.0151129 0.0137197 0.0088252 0.0083849 0.00942672 0.0247104 0.0320061 0.0413627 0.0173587 0.010999 0.00893014 0.00849557 0.00936303 0.00890562 0.011572 0.00962916 0.00823279 
0.00382604 0.0041261 0.0036032 0.00355492 0.00356195 0.00354621 0 0.00357173 0.003566 0.0237258 0.0545127 0.0370136 0.0194923 0.00943218 0.00990039 0.0445435 0.0181567 0.0923999 0.0269411 0.0671458 0.0160478 0.0096698 0.0116771 0.0109851 0.0614669 0.0120129 0.0288648 0.0599452 0.0107347 0.0107054 0.0143 0.0105611 0.0755249 0.0131595 0.0152061 0.00963166 0.00851959 0.00873068 0.0124847 0.0150011 0.0247312 0.0794095 0.0459368 0.0262991 0.0263065 0.0108379 0.00888744 0.00821029 0.0110279 0.0125899 0.0567956 0.0291289 0.0140197 0.0129134 0.00857443 0.00827959 0.00935072 0.0105584 0.0102307 0.009245 0.00827078 
0.00524865 0.00371993 0.00377597 0.00361909 0.00356925 0.00359185 0.00357173 0 0.00369585 0.0207194 0.0437066 0.0323679 0.0410815 0.00971093 0.0159281 0.0136856 0.0349541 0.0191235 0.032355 0.0189746 0.0417246 0.0103842 0.01685 0.0406562 0.00970174 0.0231816 0.0133002 0.015003 0.0351604 0.010415 0.00933066 0.0366766 0.0106753 0.0252455 0.0124207 0.0094474 0.00841964 0.009462 0.00920016 0.0102361 0.0193707 0.0218724 0.0345351 0.0176501 0.0103105 0.00972502 0.00930678 0.00830452 0.00891062 0.0220167 0.0171277 0.0160272 0.0136776 0.00910671 0.00921681 0.00828836 0.00891608 0.00898478 0.00924171 0.00936274 0.0082473 
0.014224 0.0043582 0.00361481 0.0038915 0.00359105 0.00361868 0.003566 0.00369585 0 0.0285332 0.0170516 0.0176729 0.0280566 0.0250062 0.0130015 0.0131511 0.0119299 0.0178718 0.0111387 0.0172416 0.0118133 0.0375982 0.023348 0.0103019 0.0109351 0.00910085 0.00982017 0.0101271 0.0107385 0.0173234 0.0179391 0.00934938 0.0108631 0.00920218 0.0101377 0.0117327 0.0102422 0.00841602 0.00850807 0.00891704 0.00951271 0.0120467 0.0105944 0.00926951 0.00923768 0.00850892 0.00854733 0.00862104 0.0120988 0.00909581 0.0101879 0.0103731 0.0090548 0.00848087 0.00843634 0.00935218 0.0106701 0.00840861 0.00843475 0.00851772 0.00870909 
0.0217659 0.0122926 0.0153255 0.0112133 0.0380687 0.0168839 0.0237258 0.0207194 0.0285332 0 0.00357515 0.00358132 0.00357213 0.00379909 0.00485053 0.00565275 0.00780908 0.010818 0.820698 0.0248764 0.00750992 0.0157455 0.010374 0.0101794 0.0119563 0.0133532 0.00942711 0.011146 0.0111246 0.016542 0.00999639 0.0151718 0.0103601 0.011819 0.0100262 0.0162442 0.00863591 0.00891209 0.00878624 0.00946388 0.0108224 0.0131291 0.0161985 0.0112214 0.00984939 0.00902926 0.00847949 0.00995269 0.0109826 0.0121808 0.0111095 0.0118679 0.00971775 0.00877761 0.00891425 0.0104791 0.00901187 0.00852642 0.00851406 0.00860882 0.0124979 
0.00990656 0.0288574 0.00992524 0.0414667 0.0206279 0.0255493 0.0545127 0.0437066 0.0170516 0.00357515 0 0.00357967 0.00361666 0.00356647 0.00446291 0.01641 0.00837977 0.900934 0.0123678 0.00841376 0.0139911 0.00614664 0.00867352 0.00885121 0.0174021 0.0090203 0.0141624 0.0126404 0.0144534 0.00952686 0.0132226 0.0104058 0.0238141 0.0103013 0.0291567 0.00917462 0.00849697 0.00867776 0.00972795 0.00983196 0.0128673 0.0307877 0.0182928 0.013967 0.0113978 0.00882065 0.00945048 0.00842045 0.00980088 0.0107987 0.0200218 0.0126088 0.0100228 0.00981986 0.00907477 0.00870922 0.00849899 0.00934351 0.00863341 0.0120984 0.00861801 
0.010487 0.00892687 0.0743406 0.0107304 0.0345344 0.0395162 0.0370136 0.0323679 0.0176729 0.00358132 0.00357967 0 0.00354099 0.00355509 0.0114903 0.0132646 0.949486 0.0102233 0.0106555 0.0120131 0.00618301 0.00843818 0.00709841 0.0164645 0.00997352 0.0235835 0.00900406 0.0124687 0.0139115 0.00994755 0.0085268 0.0183464 0.0103983 0.0363309 0.00916279 0.00913724 0.00829083 0.00888485 0.00912876 0.0110236 0.015265 0.0175561 0.030034 0.0173018 0.0107929 0.0104782 0.00865619 0.00828662 0.00868678 0.01371 0.0172648 0.0159333 0.0137695 0.00943976 0.00889128 0.00832982 0.00857698 0.00875116 0.0106794 0.0086481 0.00841621 
0.00914526 0.0619246 0.00868416 0.0309353 0.0126221 0.016504 0.0194923 0.0410815 0.0280566 0.00357213 0.00361666 0.00354099 0 0.00355009 0.00546271 0.965609 0.0062979 0.00850731 0.00632548 0.00598177 0.00780272 0.00538757 0.0104966 0.00899659 0.0115071 0.00787317 0.0101491 0.0105454 0.0113965 0.00900847 0.0143336 0.00938558 0.0286112 0.00926523 0.0138168 0.00904007 0.0084376 0.0086283 0.00906353 0.00905042 0.00970578 0.0156513 0.0135436 0.0108777 0.010372 0.00861183 0.00917741 0.00815435 0.00985201 0.00987575 0.0154668 0.0131822 0.00953605 0.00941218 0.00866681 0.00842171 0.00846602 0.00987953 0.00851814 0.00942527 0.00831695 
0.0339581 0.00836613 0.0130555 0.00898893 0.015395 0.0092557 0.00943218 0.00971093 0.0250062 0.00379909 0.00356647 0.00355509 0.00355009 0 0.983872 0.00640282 0.00478298 0.00448118 0.00441508 0.0049128 0.00536855 0.00662113 0.00818705 0.00983988 0.00718232 0.0105022 0.00770624 0.0086 0.00862088 0.0103454 0.0121873 0.0117877 0.00898801 0.00932657 0.00907647 0.00920778 0.00989075 0.00860577 0.0083689 0.00887658 0.00933129 0.00976612 0.0102095 0.00887684 0.00882972 0.00841485 0.00852047 0.00831136 0.00988785 0.00933969 0.00920704 0.00958781 0.0090504 0.008293 0.00831211 0.00824969 0.0097731 0.00819042 0.00851831 0.00844696 0.00816205 
0.0182283 0.00959255 0.0116116 0.00938125 0.0112886 0.0133662 0.00990039 0.0159281 0.0130015 0.00485053 0.00446291 0.0114903 0.00546271 0.983872 0 0.00360756 0.00355414 0.00359476 0.00360029 0.00364022 0.00389296 0.00710436 0.00607133 0.00791702 0.00752015 0.00977022 0.00820358 0.0107287 0.0287203 0.0962521 0.0133529 0.0176506 0.00904089 0.0140599 0.00922939 0.0241369 0.00915563 0.0089969 0.00861985 0.00919173 0.0109411 0.0113748 0.0133207 0.0104412 0.00876339 0.00889601 0.00869858 0.0110072 0.0107661 0.0117537 0.00891318 0.0104102 0.00906916 0.00870022 0.0106855 0.0132912 0.010396 0.00837935 0.00859485 0.00875554 0.0137545 
0.0106499 0.0364099 0.0129971 0.0221978 0.0189698 0.0130411 0.0445435 0.0136856 0.0131511 0.00565275 0.01641 0.0132646 0.965609 0.00640282 0.00360756 0 0.00356617 0.00356351 0.00357702 0.00357148 0.00575952 0.00540109 0.00755235 0.00778853 0.0110508 0.00764551 0.0130819 0.0478287 0.0498759 0.0222633 0.0146746 0.00989692 0.0215441 0.009418 0.0392832 0.00912067 0.00893795 0.00918942 0.00961371 0.0108238 0.01202 0.0341683 0.0170671 0.0129685 0.0121196 0.00912814 0.0109754 0.00862127 0.0161178 0.0132169 0.0255003 0.0126074 0.0102615 0.0122192 0.0124352 0.00900983 0.00961247 0.0113379 0.00887275 0.0115795 0.00920426 
0.0150591 0.0106016 0.0863584 0.0395605 0.0492903 0.106336 0.0181567 0.0349541 0.0119299 0.00780908 0.00837977 0.949486 0.0062979 0.00478298 0.00355414 0.00356617 0 0.00355057 0.00356417 0.00358874 0.00360607 0.00374671 0.00697084 0.0109445 0.00761889 0.029308 0.0217806 0.0545482 0.0553803 0.00977543 0.00886433 0.0295906 0.0112835 0.0950075 0.0106777 0.00992327 0.00850282 0.0101926 0.0113545 0.0162438 0.0354895 0.0359653 0.0869981 0.0431433 0.0161804 0.0196538 0.00921421 0.00903901 0.00987434 0.0451662 0.02911 0.0449024 0.0283476 0.0199352 0.0130921 0.00882531 0.0116472 0.0105846 0.0222863 0.0103499 0.0092576 
0.0110134 0.0322455 0.0131713 0.0777512 0.117211 0.0252063 0.0923999 0.0191235 0.0178718 0.010818 0.900934 0.0102233 0.00850731 0.00448118 0.00359476 0.00356351 0.00355057 0 0.00361175 0.00354416 0.00359002 0.00357193 0.00662953 0.00697041 0.0151423 0.0134887 0.0457096 0.0837799 0.0114482 0.0117073 0.0111567 0.00988782 0.0676226 0.0133915 0.0178561 0.0105771 0.00902598 0.00913871 0.0140994 0.0187456 0.0264557 0.0726686 0.0457701 0.0342605 0.039014 0.0132913 0.0112576 0.00933998 0.0163354 0.0146465 0.0836975 0.0392222 0.0360443 0.0189914 0.0107579 0.0107333 0.00961593 0.0214266 0.0128951 0.013543 0.010273 
0.0146696 0.0113032 0.0433147 0.0366731 0.0389417 0.128479 0.0269411 0.032355 0.0111387 0.820698 0.0123678 0.0106555 0.00632548 0.00441508 0.00360029 0.00357702 0.00356417 0.00361175 0 0.00353711 0.00357217 0.00354419 0.0160137 0.0125433 0.0343272 0.0748396 0.0304374 0.0164185 0.0206686 0.00820925 0.00888544 0.0205981 0.0136916 0.0236314 0.0146241 0.0102449 0.00927711 0.00964699 0.0109744 0.0164544 0.0276702 0.0378197 0.0615018 0.0415427 0.0191262 0.0145806 0.00907957 0.00898817 0.0101107 0.0256354 0.0317457 0.0564032 0.0234895 0.0137265 0.00962905 0.00905127 0.0114573 0.0103704 0.0142732 0.0110535 0.00962979 
0.0103426 0.0172794 0.0407288 0.0173287 0.0416206 0.0298698 0.0671458 0.0189746 0.0172416 0.0248764 0.00841376 0.0120131 0.00598177 0.0049128 0.00364022 0.00357148 0.00358874 0.00354416 0.00353711 0 0.00354068 0.00353668 0.00604621 0.0334638 0.0285248 0.0343915 0.00959213 0.0183405 0.00883859 0.00735617 0.00967424 0.0143793 0.0114114 0.024857 0.00974861 0.00860433 0.00813413 0.00949309 0.0106313 0.0111932 0.020975 0.0262441 0.0381688 0.0214663 0.0150124 0.0107078 0.00872547 0.00848224 0.00929666 0.0171358 0.0413897 0.0233074 0.0198614 0.0100505 0.00945379 0.00852433 0.00907526 0.00953039 0.0124031 0.00924924 0.00856463 
0.00960054 0.028046 0.0090876 0.0183995 0.0129479 0.0117389 0.0160478 0.0417246 0.0118133 0.00750992 0.0139911 0.00618301 0.00780272 0.00536855 0.00389296 0.00575952 0.00360607 0.00359002 0.00357217 0.00354068 0 0.00366735 0.0192881 0.0348217 0.0266257 0.00607814 0.00804625 0.00964043 0.0079781 0.00723081 0.0100575 0.0101491 0.0200281 0.00899707 0.0126049 0.00852604 0.00904596 0.00877401 0.00907536 0.00932599 0.00982509 0.0172344 0.0144954 0.0108165 0.0103398 0.00864046 0.00899022 0.00818042 0.0115746 0.0108435 0.0148255 0.0130276 0.00965845 0.00969633 0.00853082 0.00877827 0.0089445 0.0109486 0.00862443 0.0103442 0.00829522 
0.0402113 0.0082383 0.011062 0.00859316 0.00944861 0.00938291 0.0096698 0.0103842 0.0375982 0.0157455 0.00614664 0.00843818 0.00538757 0.00662113 0.00710436 0.00540109 0.00374671 0.00357193 0.00354419 0.00353668 0.00366735 0 0.0400298 0.0354783 0.00553833 0.0122005 0.00563566 0.00624139 0.00650938 0.0159667 0.00995745 0.0164331 0.00753098 0.0102268 0.00792699 0.00972122 0.0117086 0.00878442 0.00837535 0.00864619 0.00919901 0.00909916 0.00931993 0.008801 0.00859535 0.0083911 0.00822202 0.00962822 0.0103962 0.0104874 0.00877626 0.00939209 0.0091075 0.00842235 0.00860495 0.00893007 0.0127393 0.00829521 0.00959368 0.00839943 0.00852952 
0.00949506 0.0109229 0.00862779 0.0200273 0.00902444 0.0115693 0.0116771 0.01685 0.023348 0.010374 0.00867352 0.00709841 0.0104966 0.00818705 0.00607133 0.00755235 0.00697084 0.00662953 0.0160137 0.00604621 0.0192881 0.0400298 0 0.00369173 0.00358673 0.00362052 0.00360464 0.00368554 0.00403022 0.00659501 0.00602413 0.00602901 0.00734529 0.00643783 0.0131953 0.0207072 0.0179407 0.0106562 0.00868671 0.0080784 0.0084262 0.0105069 0.00918139 0.00896793 0.0085895 0.00825778 0.00940518 0.0105403 0.0162063 0.00920271 0.0103335 0.00944298 0.00862085 0.00924394 0.00922211 0.0248962 0.00901028 0.00936527 0.00838254 0.00993653 0.0152585 
0.0127813 0.00903788 0.0269762 0.00908059 0.0261193 0.0210289 0.0109851 0.0406562 0.0103019 0.0101794 0.00885121 0.0164645 0.00899659 0.00983988 0.00791702 0.00778853 0.0109445 0.00697041 0.0125433 0.0334638 0.0348217 0.0354783 0.00369173 0 0.00361136 0.00360624 0.00355348 0.00370758 0.00510178 0.00381601 0.00560346 0.00976137 0.00628261 0.027798 0.00960101 0.518122 0.010133 0.0101401 0.0079418 0.00933193 0.0113946 0.0113967 0.0241369 0.012391 0.0092155 0.010357 0.010014 0.00928942 0.00883822 0.0316072 0.00961135 0.0116633 0.0158388 0.00914972 0.0403063 0.00867466 0.0114008 0.00887335 0.0168016 0.0104253 0.0114608 
0.00897371 0.0326504 0.00886415 0.0533513 0.016118 0.0143585 0.0614669 0.00970174 0.0109351 0.0119563 0.0174021 0.00997352 0.0115071 0.00718232 0.00752015 0.0110508 0.00761889 0.0151423 0.0343272 0.0285248 0.0266257 0.00553833 0.00358673 0.00361136 0 0.0035536 0.00364074 0.00450427 0.00364631 0.00365585 0.00666054 0.00611544 0.0300271 0.0082793 0.598484 0.0570991 0.00897525 0.00748018 0.0102911 0.0109272 0.0104465 0.0339713 0.0129607 0.011856 0.0128352 0.00902931 0.0105649 0.00817716 0.0164324 0.00973575 0.0317675 0.0179594 0.0100575 0.0399858 0.00871708 0.00964787 0.00926116 0.0175591 0.00933407 0.0129531 0.00864579 
0.0180278 0.00856266 0.0849098 0.0102235 0.0502938 0.0552432 0.0120129 0.0231816 0.00910085 0.0133532 0.0090203 0.0235835 0.00787317 0.0105022 0.00977022 0.00764551 0.029308 0.0134887 0.0748396 0.0343915 0.00607814 0.0122005 0.00362052 0.00360624 0.0035536 0 0.00357876 0.00354828 0.00359182 0.00364551 0.00460343 0.0192385 0.00728396 0.60339 0.0544074 0.0340687 0.00665088 0.00823056 0.00797383 0.0103892 0.0158637 0.0136818 0.0297222 0.0152276 0.0106558 0.0139671 0.00864374 0.00876038 0.0089273 0.0229315 0.0127177 0.0177964 0.0339742 0.0090356 0.00993158 0.00850718 0.0133904 0.00995722 0.0286173 0.00920086 0.00880279 
0.00897969 0.016147 0.0120694 0.0360197 0.0320382 0.0296772 0.0288648 0.0133002 0.00982017 0.00942711 0.0141624 0.00900406 0.0101491 0.00770624 0.00820358 0.0130819 0.0217806 0.0457096 0.0304374 0.00959213 0.00804625 0.00563566 0.00360464 0.00355348 0.00364074 0.00357876 0 0.00358483 0.00356578 0.00357332 0.0054396 0.00606142 0.0419351 0.168383 0.0211857 0.00763385 0.00661315 0.00718432 0.00951945 0.00929936 0.0142289 0.0199544 0.0215763 0.0148045 0.0128188 0.0102591 0.00884574 0.00847649 0.0102895 0.010711 0.0275909 0.0295916 0.0145863 0.0110641 0.00888497 0.0087945 0.0092817 0.0127417 0.0104281 0.0109968 0.00889769 
0.010021 0.0159075 0.0143019 0.0534083 0.026338 0.0228698 0.0599452 0.015003 0.0101271 0.011146 0.0126404 0.0124687 0.0105454 0.0086 0.0107287 0.0478287 0.0545482 0.0837799 0.0164185 0.0183405 0.00964043 0.00624139 0.00368554 0.00370758 0.00450427 0.00354828 0.00358483 0 0.00361088 0.00355833 0.00554902 0.0160345 0.879671 0.0547548 0.00900512 0.00678627 0.00670907 0.00762292 0.00982684 0.0137307 0.0139348 0.03377 0.0282385 0.0178878 0.0308208 0.0100699 0.00998835 0.00887553 0.01113 0.0151396 0.0611762 0.0220341 0.0148368 0.0133493 0.00963595 0.00914941 0.00986283 0.0138351 0.0121599 0.0121527 0.00933984 
0.0115624 0.0103289 0.020601 0.0102551 0.0145631 0.0227288 0.0107347 0.0351604 0.0107385 0.0111246 0.0144534 0.0139115 0.0113965 0.00862088 0.0287203 0.0498759 0.0553803 0.0114482 0.0206686 0.00883859 0.0079781 0.00650938 0.00403022 0.00510178 0.00364631 0.00359182 0.00356578 0.00361088 0 0.003629 0.0155247 0.865201 0.0370705 0.0168962 0.00692876 0.00692424 0.00642992 0.00965747 0.00793252 0.00940458 0.0120418 0.0146309 0.0203044 0.016291 0.00987935 0.0100564 0.00940232 0.00851946 0.00992187 0.0276405 0.0123252 0.017512 0.0133251 0.00921873 0.0101315 0.00894792 0.0105326 0.00976478 0.0111379 0.0131078 0.00891248 
0.0179271 0.00911298 0.00905854 0.00927687 0.0114266 0.00914687 0.0107054 0.010415 0.0173234 0.016542 0.00952686 0.00994755 0.00900847 0.0103454 0.0962521 0.0222633 0.00977543 0.0117073 0.00820925 0.00735617 0.00723081 0.0159667 0.00659501 0.00381601 0.00365585 0.00364551 0.00357332 0.00355833 0.003629 0 0.91473 0.044421 0.00451305 0.00496673 0.00728415 0.00705436 0.0109403 0.00650639 0.00715085 0.00827917 0.00848131 0.0115504 0.0117364 0.00981006 0.0102062 0.00970725 0.00806096 0.00902799 0.0183704 0.0109059 0.0112474 0.0104583 0.00975209 0.00874917 0.00865878 0.0104216 0.0142256 0.00882916 0.00941249 0.00868615 0.0100965 
0.0105318 0.0107521 0.00871412 0.0123749 0.00910438 0.0120273 0.0143 0.00933066 0.0179391 0.00999639 0.0132226 0.0085268 0.0143336 0.0121873 0.0133529 0.0146746 0.00886433 0.0111567 0.00888544 0.00967424 0.0100575 0.00995745 0.00602413 0.00560346 0.00666054 0.00460343 0.0054396 0.00554902 0.0155247 0.91473 0 0.00440789 0.00368944 0.00356091 0.00380689 0.00440315 0.00426786 0.00508105 0.00554849 0.00619542 0.0145688 0.0514962 0.031899 0.0107663 0.050593 0.00779494 0.00910911 0.0173795 0.0162192 0.00857792 0.0097259 0.00934999 0.00924153 0.00963811 0.00977856 0.0384824 0.0111806 0.0114655 0.00885722 0.013414 0.0217466 
0.0155766 0.00963716 0.0384082 0.00946855 0.0314401 0.0215453 0.0105611 0.0366766 0.00934938 0.0151718 0.0104058 0.0183464 0.00938558 0.0117877 0.0176506 0.00989692 0.0295906 0.00988782 0.0205981 0.0143793 0.0101491 0.0164331 0.00602901 0.00976137 0.00611544 0.0192385 0.00606142 0.0160345 0.865201 0.044421 0.00440789 0 0.00355025 0.00357618 0.00386155 0.00374962 0.00441526 0.00479296 0.00527214 0.0108068 0.0421736 0.0348014 0.0142191 0.0654367 0.0075223 0.00931829 0.00920156 0.0109094 0.00860977 0.0223017 0.00881279 0.0138819 0.0155071 0.00864546 0.033689 0.00917467 0.017811 0.00980677 0.0213012 0.0128992 0.0122368 
0.00874743 0.0380843 0.00915633 0.0891594 0.0160241 0.014567 0.0755249 0.0106753 0.0108631 0.0103601 0.0238141 0.0103983 0.0286112 0.00898801 0.00904089 0.0215441 0.0112835 0.0676226 0.0136916 0.0114114 0.0200281 0.00753098 0.00734529 0.00628261 0.0300271 0.00728396 0.0419351 0.879671 0.0370705 0.00451305 0.00368944 0.00355025 0 0.00354213 0.00370082 0.00356243 0.00597114 0.00420724 0.0146746 0.0336613 0.0196785 0.0294426 0.0719667 0.00748225 0.0124649 0.00737563 0.00953365 0.0065775 0.0165713 0.00885724 0.029291 0.0159609 0.0103381 0.0311337 0.00860166 0.0100306 0.00968684 0.022384 0.00975581 0.0155519 0.00985346 
0.0126373 0.00867485 0.0890733 0.0104224 0.0257043 0.0507084 0.0131595 0.0252455 0.00920218 0.011819 0.0103013 0.0363309 0.00926523 0.00932657 0.0140599 0.009418 0.0950075 0.0133915 0.0236314 0.024857 0.00899707 0.0102268 0.00643783 0.027798 0.0082793 0.60339 0.168383 0.0547548 0.0168962 0.00496673 0.00356091 0.00357618 0.00354213 0 0.00354964 0.00357062 0.00364712 0.00866554 0.0405514 0.0271377 0.0134179 0.0830404 0.0172235 0.0108771 0.00744203 0.0190932 0.00717485 0.00727831 0.00821451 0.0267116 0.0138901 0.0132378 0.04916 0.00858594 0.0119289 0.00859714 0.0117211 0.00922119 0.0282683 0.0101649 0.00977149 
0.00907645 0.0258694 0.00886985 0.0146433 0.0158098 0.0113441 0.0152061 0.0124207 0.0101377 0.0100262 0.0291567 0.00916279 0.0138168 0.00907647 0.00922939 0.0392832 0.0106777 0.0178561 0.0146241 0.00974861 0.0126049 0.00792699 0.0131953 0.00960101 0.598484 0.0544074 0.0211857 0.00900512 0.00692876 0.00728415 0.00380689 0.00386155 0.00370082 0.00354964 0 0.00356546 0.00474687 0.0620723 0.0088216 0.006354 0.00557668 0.0102636 0.00774751 0.00642027 0.0135454 0.00709946 0.00664166 0.00624675 0.0119346 0.011146 0.013259 0.0244676 0.0086121 0.0106526 0.00886801 0.00918795 0.00929965 0.0139871 0.00876958 0.0126715 0.00925347 
0.0200308 0.00839556 0.0089505 0.00910362 0.00937511 0.00927255 0.00963166 0.0094474 0.0117327 0.0162442 0.00917462 0.00913724 0.00904007 0.00920778 0.0241369 0.00912067 0.00992327 0.0105771 0.0102449 0.00860433 0.00852604 0.00972122 0.0207072 0.518122 0.0570991 0.0340687 0.00763385 0.00678627 0.00692424 0.00705436 0.00440315 0.00374962 0.00356243 0.00357062 0.00356546 0 0.751026 0.00437191 0.00641834 0.0042094 0.00483433 0.00696988 0.00995574 0.0069544 0.00778939 0.00614125 0.00568064 0.00633447 0.0102448 0.00863724 0.0189143 0.00870922 0.00903212 0.00817962 0.00901607 0.00926525 0.0149432 0.00860088 0.0105084 0.00877526 0.010136 
0.00851256 0.00816204 0.00828515 0.00849378 0.00824381 0.00895023 0.00851959 0.00841964 0.0102422 0.00863591 0.00849697 0.00829083 0.0084376 0.00989075 0.00915563 0.00893795 0.00850282 0.00902598 0.00927711 0.00813413 0.00904596 0.0117086 0.0179407 0.010133 0.00897525 0.00665088 0.00661315 0.00670907 0.00642992 0.0109403 0.00426786 0.00441526 0.00597114 0.00364712 0.00474687 0.751026 0 0.00560724 0.00368903 0.00372434 0.00360229 0.00414043 0.00372798 0.00392513 0.00383117 0.00430561 0.00517927 0.00600103 0.0070981 0.00615826 0.00628219 0.00681919 0.00767482 0.00745948 0.00816494 0.0179405 0.00957857 0.00930994 0.00890351 0.00913569 0.0154444 
0.00861114 0.00835178 0.00936441 0.00839269 0.0132076 0.00918996 0.00873068 0.009462 0.00841602 0.00891209 0.00867776 0.00888485 0.0086283 0.00860577 0.0089969 0.00918942 0.0101926 0.00913871 0.00964699 0.00949309 0.00877401 0.00878442 0.0106562 0.0101401 0.00748018 0.00823056 0.00718432 0.00762292 0.00965747 0.00650639 0.00508105 0.00479296 0.00420724 0.00866554 0.0620723 0.00437191 0.00560724 0 0.00391152 0.0035653 0.00359285 0.00367966 0.00380769 0.00376872 0.00376957 0.00437935 0.00462481 0.00472083 0.00584191 0.00663991 0.00599558 0.00706187 0.00766268 0.00721878 0.0161365 0.0094688 0.0119291 0.00912711 0.00944819 0.00949353 0.00922245 
0.00838089 0.0091966 0.00887418 0.0112743 0.0104415 0.0107496 0.0124847 0.00920016 0.00850807 0.00878624 0.00972795 0.00912876 0.00906353 0.0083689 0.00861985 0.00961371 0.0113545 0.0140994 0.0109744 0.0106313 0.00907536 0.00837535 0.00868671 0.0079418 0.0102911 0.00797383 0.00951945 0.00982684 0.00793252 0.00715085 0.00554849 0.00527214 0.0146746 0.0405514 0.0088216 0.00641834 0.00368903 0.00391152 0 0.00360223 0.00354804 0.00363061 0.00369948 0.0036995 0.00440455 0.0040635 0.00437622 0.00395672 0.00605397 0.00608765 0.0064744 0.00731145 0.00765387 0.0114712 0.00931796 0.0199379 0.0123867 0.010228 0.00911597 0.0091793 0.00867342 
0.00865018 0.00867311 0.0115704 0.0124477 0.0145832 0.0158282 0.0150011 0.0102361 0.00891704 0.00946388 0.00983196 0.0110236 0.00905042 0.00887658 0.00919173 0.0108238 0.0162438 0.0187456 0.0164544 0.0111932 0.00932599 0.00864619 0.0080784 0.00933193 0.0109272 0.0103892 0.00929936 0.0137307 0.00940458 0.00827917 0.00619542 0.0108068 0.0336613 0.0271377 0.006354 0.0042094 0.00372434 0.0035653 0.00360223 0 0.00359696 0.00356366 0.00359266 0.00361523 0.00403369 0.00466585 0.00377218 0.00383494 0.00572438 0.00689491 0.00688055 0.0106181 0.00935929 0.0112491 0.0209025 0.388029 0.00959068 0.00968593 0.0108234 0.00952795 0.00896409 
0.00934994 0.00965726 0.0220537 0.0162552 0.0269303 0.0320345 0.0247312 0.0193707 0.00951271 0.0108224 0.0128673 0.015265 0.00970578 0.00933129 0.0109411 0.01202 0.0354895 0.0264557 0.0276702 0.020975 0.00982509 0.00919901 0.0084262 0.0113946 0.0104465 0.0158637 0.0142289 0.0139348 0.0120418 0.00848131 0.0145688 0.0421736 0.0196785 0.0134179 0.00557668 0.00483433 0.00360229 0.00359285 0.00354804 0.00359696 0 0.00358157 0.00355772 0.00361456 0.00579435 0.0037109 0.00365482 0.0052688 0.00588408 0.00647817 0.00840316 0.0114826 0.0110729 0.00814782 0.65638 0.0178118 0.011752 0.0103811 0.0117399 0.0106675 0.00931082 
0.00998561 0.0216686 0.0173894 0.0545684 0.045417 0.0455901 0.0794095 0.0218724 0.0120467 0.0131291 0.0307877 0.0175561 0.0156513 0.00976612 0.0113748 0.0341683 0.0359653 0.0726686 0.0378197 0.0262441 0.0172344 0.00909916 0.0105069 0.0113967 0.0339713 0.0136818 0.0199544 0.03377 0.0146309 0.0115504 0.0514962 0.0348014 0.0294426 0.0830404 0.0102636 0.00696988 0.00414043 0.00367966 0.00363061 0.00356366 0.00358157 0 0.00358008 0.00357201 0.00361935 0.00392051 0.00371946 0.0036478 0.0073972 0.0106574 0.0130241 0.0186747 0.0108003 0.804498 0.0304031 0.0155949 0.0111748 0.0211692 0.0116579 0.0143699 0.011994 
0.0121738 0.010791 0.0500823 0.0278544 0.0619928 0.0756993 0.0459368 0.0345351 0.0105944 0.0161985 0.0182928 0.030034 0.0135436 0.0102095 0.0133207 0.0170671 0.0869981 0.0457701 0.0615018 0.0381688 0.0144954 0.00931993 0.00918139 0.0241369 0.0129607 0.0297222 0.0215763 0.0282385 0.0203044 0.0117364 0.031899 0.0142191 0.0719667 0.0172235 0.00774751 0.00995574 0.00372798 0.00380769 0.00369948 0.00359266 0.00355772 0.00358008 0 0.00357922 0.00356247 0.00368425 0.00358869 0.00378213 0.00517566 0.00885043 0.013115 0.0110854 0.806482 0.0412209 0.0275476 0.00789249 0.0126032 0.0116165 0.0215507 0.0132944 0.0104057 
0.00935 0.0108924 0.0198472 0.0206864 0.0350594 0.0407017 0.0262991 0.0176501 0.00926951 0.0112214 0.013967 0.0173018 0.0108777 0.00887684 0.0104412 0.0129685 0.0431433 0.0342605 0.0415427 0.0214663 0.0108165 0.008801 0.00896793 0.012391 0.011856 0.0152276 0.0148045 0.0178878 0.016291 0.00981006 0.0107663 0.0654367 0.00748225 0.0108771 0.00642027 0.0069544 0.00392513 0.00376872 0.0036995 0.00361523 0.00361456 0.00357201 0.00357922 0 0.0034958 0.00353173 0.00361037 0.00356081 0.0054996 0.00647869 0.00752067 0.790559 0.0242499 0.0155688 0.00715417 0.00665712 0.00945928 0.00947748 0.0127376 0.0111429 0.00980317 
0.00854957 0.00976007 0.0105779 0.0185484 0.0174004 0.0151129 0.0263065 0.0103105 0.00923768 0.00984939 0.0113978 0.0107929 0.010372 0.00882972 0.00876339 0.0121196 0.0161804 0.039014 0.0191262 0.0150124 0.0103398 0.00859535 0.0085895 0.0092155 0.0128352 0.0106558 0.0128188 0.0308208 0.00987935 0.0102062 0.050593 0.0075223 0.0124649 0.00744203 0.0135454 0.00778939 0.00383117 0.00376957 0.00440455 0.00403369 0.00579435 0.00361935 0.00356247 0.0034958 0 0.00355966 0.00354412 0.0036596 0.00400065 0.00562701 0.794251 0.0303789 0.0292739 0.00600043 0.00731172 0.00619054 0.00876749 0.0100863 0.00972862 0.0114017 0.0101078 
0.00858813 0.00828348 0.0142579 0.00952067 0.0117739 0.0137197 0.0108379 0.00972502 0.00850892 0.00902926 0.00882065 0.0104782 0.00861183 0.00841485 0.00889601 0.00912814 0.0196538 0.0132913 0.0145806 0.0107078 0.00864046 0.0083911 0.00825778 0.010357 0.00902931 0.0139671 0.0102591 0.0100699 0.0100564 0.00970725 0.00779494 0.00931829 0.00737563 0.0190932 0.00709946 0.00614125 0.00430561 0.00437935 0.0040635 0.00466585 0.0037109 0.00392051 0.00368425 0.00353173 0.00355966 0 0.00373047 0.00354042 0.00647222 0.667385 0.0201926 0.0408489 0.00998229 0.00741682 0.00598168 0.00537999 0.00914985 0.00823244 0.010396 0.00848806 0.00851405 
0.00846681 0.00945763 0.00853347 0.00884092 0.00904501 0.0088252 0.00888744 0.00930678 0.00854733 0.00847949 0.00945048 0.00865619 0.00917741 0.00852047 0.00869858 0.0109754 0.00921421 0.0112576 0.00907957 0.00872547 0.00899022 0.00822202 0.00940518 0.010014 0.0105649 0.00864374 0.00884574 0.00998835 0.00940232 0.00806096 0.00910911 0.00920156 0.00953365 0.00717485 0.00664166 0.00568064 0.00517927 0.00462481 0.00437622 0.00377218 0.00365482 0.00371946 0.00358869 0.00361037 0.00354412 0.00373047 0 0.00422613 0.0233704 0.0337673 0.00653089 0.00494945 0.00777126 0.00436038 0.00534088 0.00518569 0.0081434 0.0086312 0.00824577 0.00899607 0.00802573 
0.0103545 0.0079857 0.00824923 0.00821182 0.00828852 0.0083849 0.00821029 0.00830452 0.00862104 0.00995269 0.00842045 0.00828662 0.00815435 0.00831136 0.0110072 0.00862127 0.00903901 0.00933998 0.00898817 0.00848224 0.00818042 0.00962822 0.0105403 0.00928942 0.00817716 0.00876038 0.00847649 0.00887553 0.00851946 0.00902799 0.0173795 0.0109094 0.0065775 0.00727831 0.00624675 0.00633447 0.00600103 0.00472083 0.00395672 0.00383494 0.0052688 0.0036478 0.00378213 0.00356081 0.0036596 0.00354042 0.00422613 0 0.70704 0.00612554 0.00393708 0.00383118 0.0075716 0.00403612 0.00448346 0.00464903 0.00970212 0.00768203 0.00845595 0.00762632 0.00844956 
0.00879249 0.00972671 0.00846273 0.0100454 0.00940654 0.00942672 0.0110279 0.00891062 0.0120988 0.0109826 0.00980088 0.00868678 0.00985201 0.00988785 0.0107661 0.0161178 0.00987434 0.0163354 0.0101107 0.00929666 0.0115746 0.0103962 0.0162063 0.00883822 0.0164324 0.0089273 0.0102895 0.01113 0.00992187 0.0183704 0.0162192 0.00860977 0.0165713 0.00821451 0.0119346 0.0102448 0.0070981 0.00584191 0.00605397 0.00572438 0.00588408 0.0073972 0.00517566 0.0054996 0.00400065 0.00647222 0.0233704 0.70704 0 0.00384938 0.00361964 0.00360421 0.00357407 0.00367789 0.00384041 0.00636911 0.00934725 0.0119144 0.00854794 0.0324267 0.0271488 
0.00935913 0.00949633 0.0162194 0.0094937 0.0172311 0.0247104 0.0125899 0.0220167 0.00909581 0.0121808 0.0107987 0.01371 0.00987575 0.00933969 0.0117537 0.0132169 0.0451662 0.0146465 0.0256354 0.0171358 0.0108435 0.0104874 0.00920271 0.0316072 0.00973575 0.0229315 0.010711 0.0151396 0.0276405 0.0109059 0.00857792 0.0223017 0.00885724 0.0267116 0.011146 0.00863724 0.00615826 0.00663991 0.00608765 0.00689491 0.00647817 0.0106574 0.00885043 0.00647869 0.00562701 0.667385 0.0337673 0.00612554 0.00384938 0 0.00357358 0.00356969 0.00355493 0.00361383 0.00404902 0.0036121 0.0110914 0.00844245 0.0628027 0.0160694 0.013482 
0.00874072 0.0128005 0.0124015 0.0325828 0.0374098 0.0320061 0.0567956 0.0171277 0.0101879 0.0111095 0.0200218 0.0172648 0.0154668 0.00920704 0.00891318 0.0255003 0.02911 0.0836975 0.0317457 0.0413897 0.0148255 0.00877626 0.0103335 0.00961135 0.0317675 0.0127177 0.0275909 0.0611762 0.0123252 0.0112474 0.0097259 0.00881279 0.029291 0.0138901 0.013259 0.0189143 0.00628219 0.00599558 0.0064744 0.00688055 0.00840316 0.0130241 0.013115 0.00752067 0.794251 0.0201926 0.00653089 0.00393708 0.00361964 0.00357358 0 0.00354272 0.00354482 0.00357543 0.00357858 0.00362218 0.00729793 0.0623624 0.00928151 0.0191271 0.0231589 
0.00920759 0.0104225 0.0170055 0.0211422 0.0297782 0.0413627 0.0291289 0.0160272 0.0103731 0.0118679 0.0126088 0.0159333 0.0131822 0.00958781 0.0104102 0.0126074 0.0449024 0.0392222 0.0564032 0.0233074 0.0130276 0.00939209 0.00944298 0.0116633 0.0179594 0.0177964 0.0295916 0.0220341 0.017512 0.0104583 0.00934999 0.0138819 0.0159609 0.0132378 0.0244676 0.00870922 0.00681919 0.00706187 0.00731145 0.0106181 0.0114826 0.0186747 0.0110854 0.790559 0.0303789 0.0408489 0.00494945 0.00383118 0.00360421 0.00356969 0.00354272 0 0.00371214 0.00357329 0.00355096 0.00361424 0.0325474 0.0124014 0.0136796 0.0230763 0.016432 
0.00872021 0.00864328 0.0165021 0.0126981 0.0232813 0.0173587 0.0140197 0.0136776 0.0090548 0.00971775 0.0100228 0.0137695 0.00953605 0.0090504 0.00906916 0.0102615 0.0283476 0.0360443 0.0234895 0.0198614 0.00965845 0.0091075 0.00862085 0.0158388 0.0100575 0.0339742 0.0145863 0.0148368 0.0133251 0.00975209 0.00924153 0.0155071 0.0103381 0.04916 0.0086121 0.00903212 0.00767482 0.00766268 0.00765387 0.00935929 0.0110729 0.0108003 0.806482 0.0242499 0.0292739 0.00998229 0.00777126 0.0075716 0.00357407 0.00355493 0.00354482 0.00371214 0 0.00359261 0.00357759 0.00357541 0.0114486 0.00953763 0.020231 0.0186491 0.0176892 
0.00825016 0.0101056 0.00879432 0.0142364 0.0100493 0.010999 0.0129134 0.00910671 0.00848087 0.00877761 0.00981986 0.00943976 0.00941218 0.008293 0.00870022 0.0122192 0.0199352 0.0189914 0.0137265 0.0100505 0.00969633 0.00842235 0.00924394 0.00914972 0.0399858 0.0090356 0.0110641 0.0133493 0.00921873 0.00874917 0.00963811 0.00864546 0.0311337 0.00858594 0.0106526 0.00817962 0.00745948 0.00721878 0.0114712 0.0112491 0.00814782 0.804498 0.0412209 0.0155688 0.00600043 0.00741682 0.00436038 0.00403612 0.00367789 0.00361383 0.00357543 0.00357329 0.00359261 0 0.00355241 0.0035715 0.0064459 0.017131 0.0101016 0.017793 0.00918907 
0.00924821 0.00894327 0.00937493 0.00849365 0.00910282 0.00893014 0.00857443 0.00921681 0.00843634 0.00891425 0.00907477 0.00889128 0.00866681 0.00831211 0.0106855 0.0124352 0.0130921 0.0107579 0.00962905 0.00945379 0.00853082 0.00860495 0.00922211 0.0403063 0.00871708 0.00993158 0.00888497 0.00963595 0.0101315 0.00865878 0.00977856 0.033689 0.00860166 0.0119289 0.00886801 0.00901607 0.00816494 0.0161365 0.00931796 0.0209025 0.65638 0.0304031 0.0275476 0.00715417 0.00731172 0.00598168 0.00534088 0.00448346 0.00384041 0.00404902 0.00357858 0.00355096 0.00357759 0.00355241 0 0.00367967 0.0222223 0.0176795 0.013167 0.00750323 0.00717045 
0.0107754 0.0083701 0.00816851 0.00846238 0.00829752 0.00849557 0.00827959 0.00828836 0.00935218 0.0104791 0.00870922 0.00832982 0.00842171 0.00824969 0.0132912 0.00900983 0.00882531 0.0107333 0.00905127 0.00852433 0.00877827 0.00893007 0.0248962 0.00867466 0.00964787 0.00850718 0.0087945 0.00914941 0.00894792 0.0104216 0.0384824 0.00917467 0.0100306 0.00859714 0.00918795 0.00926525 0.0179405 0.0094688 0.0199379 0.388029 0.0178118 0.0155949 0.00789249 0.00665712 0.00619054 0.00537999 0.00518569 0.00464903 0.00636911 0.0036121 0.00362218 0.00361424 0.00357541 0.0035715 0.00367967 0 0.0265739 0.00863379 0.00666681 0.0063931 0.0100019 
0.00942662 0.00810918 0.00888614 0.00837149 0.00927526 0.00936303 0.00935072 0.00891608 0.0106701 0.00901187 0.00849899 0.00857698 0.00846602 0.0097731 0.010396 0.00961247 0.0116472 0.00961593 0.0114573 0.00907526 0.0089445 0.0127393 0.00901028 0.0114008 0.00926116 0.0133904 0.0092817 0.00986283 0.0105326 0.0142256 0.0111806 0.017811 0.00968684 0.0117211 0.00929965 0.0149432 0.00957857 0.0119291 0.0123867 0.00959068 0.011752 0.0111748 0.0126032 0.00945928 0.00876749 0.00914985 0.0081434 0.00970212 0.00934725 0.0110914 0.00729793 0.0325474 0.0114486 0.0064459 0.0222223 0.0265739 0 0.00360045 0.00361288 0.00374534 0.00469167 
0.00815419 0.00905446 0.00830362 0.0099365 0.00981833 0.00890562 0.0105584 0.00898478 0.00840861 0.00852642 0.00934351 0.00875116 0.00987953 0.00819042 0.00837935 0.0113379 0.0105846 0.0214266 0.0103704 0.00953039 0.0109486 0.00829521 0.00936527 0.00887335 0.0175591 0.00995722 0.0127417 0.0138351 0.00976478 0.00882916 0.0114655 0.00980677 0.022384 0.00922119 0.0139871 0.00860088 0.00930994 0.00912711 0.010228 0.00968593 0.0103811 0.0211692 0.0116165 0.00947748 0.0100863 0.00823244 0.0086312 0.00768203 0.0119144 0.00844245 0.0623624 0.0124014 0.00953763 0.017131 0.0176795 0.00863379 0.00360045 0 0.0035994 0.00359857 0.00422505 
0.00871851 0.00804985 0.0127028 0.00868281 0.0117934 0.011572 0.0102307 0.00924171 0.00843475 0.00851406 0.00863341 0.0106794 0.00851814 0.00851831 0.00859485 0.00887275 0.0222863 0.0128951 0.0142732 0.0124031 0.00862443 0.00959368 0.00838254 0.0168016 0.00933407 0.0286173 0.0104281 0.0121599 0.0111379 0.00941249 0.00885722 0.0213012 0.00975581 0.0282683 0.00876958 0.0105084 0.00890351 0.00944819 0.00911597 0.0108234 0.0117399 0.0116579 0.0215507 0.0127376 0.00972862 0.010396 0.00824577 0.00845595 0.00854794 0.0628027 0.00928151 0.0136796 0.020231 0.0101016 0.013167 0.00666681 0.00361288 0.0035994 0 0.00364287 0.00367018 
0.0084257 0.00901404 0.00856367 0.00880062 0.00917491 0.00962916 0.009245 0.00936274 0.00851772 0.00860882 0.0120984 0.0086481 0.00942527 0.00844696 0.00875554 0.0115795 0.0103499 0.013543 0.0110535 0.00924924 0.0103442 0.00839943 0.00993653 0.0104253 0.0129531 0.00920086 0.0109968 0.0121527 0.0131078 0.00868615 0.013414 0.0128992 0.0155519 0.0101649 0.0126715 0.00877526 0.00913569 0.00949353 0.0091793 0.00952795 0.0106675 0.0143699 0.0132944 0.0111429 0.0114017 0.00848806 0.00899607 0.00762632 0.0324267 0.0160694 0.0191271 0.0230763 0.0186491 0.017793 0.00750323 0.0063931 0.00374534 0.00359857 0.00364287 0 0.00360359 
0.0110752 0.00817166 0.00822554 0.00839481 0.00838211 0.00823279 0.00827078 0.0082473 0.00870909 0.0124979 0.00861801 0.00841621 0.00831695 0.00816205 0.0137545 0.00920426 0.0092576 0.010273 0.00962979 0.00856463 0.00829522 0.00852952 0.0152585 0.0114608 0.00864579 0.00880279 0.00889769 0.00933984 0.00891248 0.0100965 0.0217466 0.0122368 0.00985346 0.00977149 0.00925347 0.010136 0.0154444 0.00922245 0.00867342 0.00896409 0.00931082 0.011994 0.0104057 0.00980317 0.0101078 0.00851405 0.00802573 0.00844956 0.0271488 0.013482 0.0231589 0.016432 0.0176892 0.00918907 0.00717045 0.0100019 0.00469167 0.00422505 0.00367018 0.00360359 0 
