1O26B
HMKIDILDKGFVELVDVMGNDLSAVRAARVSFDMGLKDEERDRHLIEYLMKHGHETPFEHIVFTFHVKAPIFVARQWFRHRIASYNELSGRYSKLSYEFYIPSPERLEGYKTTIPPERVTEKISEIVDKAYRTYLELIESGVPREVARIVLPLNLYTRFFWTVNARSLMNFLNLRADSHAQWEIQQYALAIARIFKEKCPWTFEAFLKYAYKGDILKEVQV
CCEEEECCCEEEEEEEEECCHHHHHHHHHHHHCCCCCCHHHHHHHHHHHHHCCCCHHHHHCEEEEEEEEEHHHHHHHCCCCCCEEEECCCCCCCCCCCECCCCHHHHCCCCCCCCHHHHHHHHHHHHHHHHHHHHHHHHCCCCHHHHHHHCECCEEEEEEEEEEHHHHHHHHHHHCCCCCCHHHHHHHHHHHHHHHHHCHHHHHHHHHHCCCCCHHHCCCC
0 0 0 0 0 0 0 0 0 0 0 0 0 0 0 0 0 0 0 0 0 0 0 0 0 0 0 0 0 0 0 0 0 0 0 0 0 0 0 0 0 0 0 0 0 0 0 0 0 0 0 0 0 0 0 0 0 0 0 0 0 0 0 0 0 0 0 0 0 0 0 0 0 0 0 0 0 0 0 0 0 0 0 0 0 0 0 0 0 0 0 0 0 0 0 0 0 0 0 0 0 0 0 0 0 0 0 0 0 0 0 0 0 0 0 0 0 0 0 0 0 0 0 0 0 0 0 0 0 0 0 0 0 0 0 0 0 0 0 0 0 0 0 0 0 0 0 0 0 0 0 0 0 0 0 0 0 0 0 0 0 0 0 0 0 0 0 0 0 0 0 0 0 0 0 0 0 0 0 0 0 0 0 0 0 0 0 0 0 0 0 0 0 0 0 0 0 0 0 0 0 0 0 0 0 0 0 0 0 0 0 0 0 0 0 0 0 0 0 0 0 
0 0 0 0 0 0 0 0 0 0 0 0 0 0 0 0 0 0 0 0 0 0 0 0 0 0 0 0 0 0 0 0 0 0 0 0 0 0 0 0 0 0 0 0 0 0 0 0 0 0 0 0 0 0 0 0 0 0 0 0 0 0 0 0 0 0 0 0 0 0 0 0 0 0 0 0 0 0 0 0 0 0 0 0 0 0 0 0 0 0 0 0 0 0 0 0 0 0 0 0 0 0 0 0 0 0 0 0 0 0 0 0 0 0 0 0 0 0 0 0 0 0 0 0 0 0 0 0 0 0 0 0 0 0 0 0 0 0 0 0 0 0 0 0 0 0 0 0 0 0 0 0 0 0 0 0 0 0 0 0 0 0 0 0 0 0 0 0 0 0 0 0 0 0 0 0 0 0 0 0 0 0 0 0 0 0 0 0 0 0 0 0 0 0 0 0 0 0 0 0 0 0 0 0 0 0 0 0 0 0 0 0 0 0 0 0 0 0 0 0 0 
0 0.00449696 0.00677175 0.011405 0.00719271 0.010443 0.0584145 0.554766 0.0171914 0.0101955 0.00903529 0.00962462 0.0273014 0.0109562 0.00933879 0.010348 0.00884558 0.010137 0.00892586 0.00993586 0.00955237 0.0123379 0.00922032 0.00818249 0.00885923 0.0112675 0.0103574 0.00859958 0.00823892 0.0080383 0.00806499 0.00808976 0.00808479 0.00823841 0.00804519 0.00807162 0.0080849 0.00867952 
0.00449696 0 0.00465037 0.00378377 0.00682333 0.0426387 0.665472 0.0136466 0.00788697 0.00893993 0.00763539 0.0167333 0.0102068 0.0097035 0.0189157 0.00955815 0.0143552 0.00950915 0.0126739 0.00926804 0.0111135 0.00930741 0.00840648 0.00963595 0.00917854 0.00882276 0.00889846 0.00792686 0.00805511 0.00824478 0.00827209 0.00845694 0.00847591 0.00851818 0.00854696 0.00830167 0.00831781 0.00814556 
0.00677175 0.00465037 0 0.00384933 0.00833471 0.825058 0.0121681 0.00762481 0.00765815 0.00769383 0.0111763 0.0076423 0.00724871 0.0116854 0.0109348 0.017626 0.0089344 0.0160688 0.00905059 0.0142623 0.00991785 0.00869978 0.00988515 0.00893325 0.00993507 0.00849174 0.00872791 0.00805338 0.00826507 0.00836093 0.00834034 0.00842335 0.00848803 0.00868695 0.00858014 0.00843373 0.0081462 0.00825225 
0.011405 0.00378377 0.00384933 0 0.890114 0.0147543 0.0066126 0.00617843 0.00706535 0.00993089 0.00637432 0.00669903 0.00987052 0.015131 0.0123304 0.00954853 0.0111779 0.00925014 0.0110848 0.00908069 0.00986861 0.0101106 0.0121229 0.009987 0.00888561 0.00962976 0.0124858 0.00920616 0.00932709 0.00832497 0.00825745 0.00814442 0.00833599 0.00825381 0.00851229 0.00810083 0.00818333 0.00812983 
0.00719271 0.00682333 0.00833471 0.890114 0 0.00375259 0.00365054 0.00369404 0.00378796 0.00396704 0.00407456 0.00534944 0.0106108 0.0298687 0.0164344 0.0109027 0.0130672 0.0112418 0.0120204 0.0115014 0.0280444 0.0180605 0.011563 0.00930479 0.0098004 0.0137328 0.0129303 0.00882781 0.00862151 0.00827448 0.008444 0.0084341 0.00853905 0.00859485 0.0086977 0.00838641 0.00850211 0.00921403 
0.010443 0.0426387 0.825058 0.0147543 0.00375259 0 0.00360679 0.00360406 0.00367734 0.00368914 0.00385555 0.0049299 0.0060332 0.022506 0.0361042 0.0283015 0.0147435 0.0330003 0.013853 0.0483107 0.0208144 0.011792 0.0101504 0.0115023 0.0136909 0.0112517 0.00885152 0.00797834 0.00819174 0.00859134 0.00858484 0.00892851 0.00920557 0.00924288 0.00897867 0.00882394 0.00869536 0.00860905 
0.0584145 0.665472 0.0121681 0.0066126 0.00365054 0.00360679 0 0.00358809 0.00363455 0.0036386 0.00373555 0.00391091 0.00438373 0.0344772 0.0660672 0.0341183 0.0648411 0.0283869 0.129042 0.0310636 0.0182795 0.0108298 0.0100721 0.0210351 0.012009 0.0103165 0.00876399 0.00800147 0.00860056 0.00918576 0.0098101 0.0107029 0.0115718 0.0113715 0.0118564 0.0103083 0.00945901 0.00847354 
0.554766 0.0136466 0.00762481 0.00617843 0.00369404 0.00360406 0.00358809 0 0.00359522 0.0036394 0.00362923 0.0036504 0.00385509 0.0325012 0.0400552 0.0896794 0.0294092 0.142182 0.0381076 0.0617992 0.0127642 0.0111547 0.0127731 0.0140582 0.0150485 0.0101678 0.00849443 0.00804977 0.00863323 0.00934461 0.010085 0.0113171 0.0114553 0.0125558 0.0112383 0.0122471 0.00910004 0.00850167 
0.0171914 0.00788697 0.00765815 0.00706535 0.00378796 0.00367734 0.00363455 0.00359522 0 0.00358937 0.00359287 0.00360868 0.00367169 0.0239421 0.0386403 0.0421213 0.0700115 0.0459621 0.0362987 0.0233632 0.0146293 0.0105034 0.0100168 0.0130078 0.0110479 0.00991257 0.00847051 0.00798006 0.00840841 0.00892151 0.00948902 0.0102708 0.0109721 0.0109945 0.0110047 0.00972776 0.00905722 0.00846189 
0.0101955 0.00893993 0.00769383 0.00993089 0.00396704 0.00368914 0.0036386 0.0036394 0.00358937 0 0.0035475 0.00359781 0.00361406 0.0150972 0.0317293 0.0346485 0.0499463 0.0159083 0.0337714 0.014955 0.0140637 0.0096496 0.00904884 0.0106152 0.00996978 0.00923161 0.00845353 0.00791142 0.00831464 0.00861698 0.00904656 0.00926555 0.00975217 0.00938518 0.00987418 0.00894841 0.0085956 0.00823687 
0.00903529 0.00763539 0.0111763 0.00637432 0.00407456 0.00385555 0.00373555 0.00362923 0.00359287 0.0035475 0 0.00353841 0.00354685 0.0152731 0.02533 0.0886045 0.0145447 0.04039 0.0145922 0.0336791 0.010004 0.0093015 0.00885759 0.00961665 0.0100986 0.00869231 0.0081082 0.00791862 0.00816218 0.00861629 0.00869406 0.00931734 0.00917161 0.00998577 0.00913561 0.00950518 0.00844432 0.00826264 
0.00962462 0.0167333 0.0076423 0.00669903 0.00534944 0.0049299 0.00391091 0.0036504 0.00360868 0.00359781 0.00353841 0 0.00362581 0.0152825 0.0348197 0.0201332 0.0230979 0.0166348 0.0196646 0.0124976 0.0167513 0.00974635 0.00916879 0.0109739 0.010413 0.00867274 0.00833975 0.00798365 0.00806098 0.00833445 0.00841732 0.00848226 0.00857697 0.00869354 0.00880089 0.00845343 0.00825513 0.00814929 
0.0273014 0.0102068 0.00724871 0.00987052 0.0106108 0.0060332 0.00438373 0.00385509 0.00367169 0.00361406 0.00354685 0.00362581 0 0.0405477 0.0118611 0.0124862 0.0122588 0.011837 0.0125924 0.010783 0.0118366 0.0157671 0.012018 0.0091954 0.00890463 0.00987825 0.011855 0.00870598 0.00884227 0.00811222 0.00808584 0.00805409 0.0081666 0.00815322 0.00830857 0.00798551 0.00814345 0.00812893 
0.0109562 0.0097035 0.0116854 0.015131 0.0298687 0.022506 0.0344772 0.0325012 0.0239421 0.0150972 0.0152731 0.0152825 0.0405477 0 0.00393983 0.00360535 0.00360016 0.00364748 0.00363569 0.00386714 0.00386543 0.0151301 0.0298183 0.00947798 0.0138944 0.02401 0.0145292 0.010724 0.00944593 0.00895804 0.00954722 0.00980935 0.00944935 0.010887 0.00978441 0.0156829 0.0115282 0.0290378 
0.00933879 0.0189157 0.0109348 0.0123304 0.0164344 0.0361042 0.0660672 0.0400552 0.0386403 0.0317293 0.02533 0.0348197 0.0118611 0.00393983 0 0.00359614 0.00356594 0.00362394 0.00388241 0.00369573 0.00636352 0.00398294 0.0131285 0.0492852 0.0161149 0.0140989 0.0139861 0.00860307 0.00981843 0.0112367 0.0153635 0.0120704 0.0257493 0.0141698 0.0308099 0.012087 0.0407635 0.0091009 
0.010348 0.00955815 0.017626 0.00954853 0.0109027 0.0283015 0.0341183 0.0896794 0.0421213 0.0346485 0.0886045 0.0201332 0.0124862 0.00360535 0.00359614 0 0.0035488 0.00358097 0.00357013 0.00404665 0.00364226 0.00372114 0.0137126 0.0135551 0.0303258 0.0132176 0.00972716 0.00891622 0.008944 0.0122415 0.0136959 0.0284854 0.0188658 0.0645829 0.0295452 0.075785 0.00976696 0.0110914 
0.00884558 0.0143552 0.0089344 0.0111779 0.0130672 0.0147435 0.0648411 0.0294092 0.0700115 0.0499463 0.0145447 0.0230979 0.0122588 0.00360016 0.00356594 0.0035488 0 0.00355692 0.00362463 0.00356644 0.00357686 0.00363969 0.011229 0.0287337 0.0104619 0.0140286 0.0118522 0.00872618 0.00987057 0.0113173 0.0266375 0.0161704 0.053903 0.0286937 0.0952767 0.0124387 0.0184671 0.00872621 
0.010137 0.00950915 0.0160688 0.00925014 0.0112418 0.0330003 0.0283869 0.142182 0.0459621 0.0159083 0.04039 0.0166348 0.011837 0.00364748 0.00362394 0.00358097 0.00355692 0 0.00357905 0.00358816 0.00355635 0.00359026 0.0144198 0.0131868 0.0265615 0.0182365 0.00901406 0.00924172 0.00930824 0.0163609 0.0136278 0.0458437 0.0333248 0.130864 0.0177722 0.0451168 0.0100709 0.0106244 
0.00892586 0.0126739 0.00905059 0.0110848 0.0120204 0.013853 0.129042 0.0381076 0.0362987 0.0337714 0.0145922 0.0196646 0.0125924 0.00363569 0.00388241 0.00357013 0.00362463 0.00357905 0 0.0035466 0.00354168 0.00354993 0.0113673 0.0287748 0.012792 0.0134211 0.0119769 0.00862508 0.0106617 0.01076 0.0347326 0.0173434 0.107928 0.0160901 0.0614664 0.0124012 0.0193944 0.00862703 
0.00993586 0.00926804 0.0142623 0.00908069 0.0115014 0.0483107 0.0310636 0.0617992 0.0233632 0.014955 0.0336791 0.0124976 0.010783 0.00386714 0.00369573 0.00404665 0.00356644 0.00358816 0.0035466 0 0.00354068 0.00354081 0.0173259 0.0211397 0.0319236 0.0148367 0.00940948 0.00902432 0.0092043 0.0143146 0.0161927 0.0845367 0.0220181 0.0432525 0.0153389 0.0331052 0.00954169 0.00949904 
0.00955237 0.0111135 0.00991785 0.00986861 0.0280444 0.0208144 0.0182795 0.0127642 0.0146293 0.0140637 0.010004 0.0167513 0.0118366 0.00386543 0.00636352 0.00364226 0.00357686 0.00355635 0.00354168 0.00354068 0 0.00354281 0.0111607 0.0522485 0.0250154 0.011833 0.0126204 0.00892023 0.0116949 0.0173188 0.0444564 0.0102937 0.015556 0.011024 0.0175601 0.00937535 0.016269 0.00884658 
0.0123379 0.00930741 0.00869978 0.0101106 0.0180605 0.011792 0.0108298 0.0111547 0.0105034 0.0096496 0.0093015 0.00974635 0.0157671 0.0151301 0.00398294 0.00372114 0.00363969 0.00359026 0.00354993 0.00354081 0.00354281 0 0.0201183 0.0103275 0.00907252 0.0182597 0.0160701 0.0131498 0.0165188 0.0467315 0.00903866 0.0102993 0.00938228 0.0107694 0.00932333 0.0100832 0.00928102 0.0115622 
0.00922032 0.00840648 0.00988515 0.0121229 0.011563 0.0101504 0.0100721 0.0127731 0.0100168 0.00904884 0.00885759 0.00916879 0.012018 0.0298183 0.0131285 0.0137126 0.011229 0.0144198 0.0113673 0.0173259 0.0111607 0.0201183 0 0.00363953 0.00361547 0.00382214 0.0140324 0.0150141 0.0129841 0.00896872 0.00915274 0.0116302 0.00980951 0.0111588 0.00960823 0.00997016 0.00906166 0.0173908 
0.00818249 0.00963595 0.00893325 0.009987 0.00930479 0.0115023 0.0210351 0.0140582 0.0130078 0.0106152 0.00961665 0.0109739 0.0091954 0.00947798 0.0492852 0.0135551 0.0287337 0.0131868 0.0287748 0.0211397 0.0522485 0.0103275 0.00363953 0 0.00375154 0.00356866 0.0111007 0.00874917 0.0097965 0.0105854 0.0149722 0.0118582 0.0187478 0.0125712 0.0212573 0.0112197 0.0200193 0.00888016 
0.00885923 0.00917854 0.00993507 0.00888561 0.0098004 0.0136909 0.012009 0.0150485 0.0110479 0.00996978 0.0100986 0.010413 0.00890463 0.0138944 0.0161149 0.0303258 0.0104619 0.0265615 0.012792 0.0319236 0.0250154 0.00907252 0.00361547 0.00375154 0 0.00365185 0.0113627 0.0100074 0.00946068 0.0147021 0.0106918 0.0136747 0.012394 0.0193227 0.0126812 0.0185685 0.0105075 0.0103337 
0.0112675 0.00882276 0.00849174 0.00962976 0.0137328 0.0112517 0.0103165 0.0101678 0.00991257 0.00923161 0.00869231 0.00867274 0.00987825 0.02401 0.0140989 0.0132176 0.0140286 0.0182365 0.0134211 0.0148367 0.011833 0.0182597 0.00382214 0.00356866 0.00365185 0 0.0564034 0.0107763 0.0162987 0.0100559 0.0104227 0.0101099 0.0106224 0.0103289 0.0119535 0.00961945 0.0116788 0.0129527 
0.0103574 0.00889846 0.00872791 0.0124858 0.0129303 0.00885152 0.00876399 0.00849443 0.00847051 0.00845353 0.0081082 0.00833975 0.011855 0.0145292 0.0139861 0.00972716 0.0118522 0.00901406 0.0119769 0.00940948 0.0126204 0.0160701 0.0140324 0.0111007 0.0113627 0.0564034 0 0.0938091 0.0122486 0.0103178 0.00944726 0.00909511 0.00932765 0.0089803 0.00913616 0.00866313 0.0105523 0.0123182 
0.00859958 0.00792686 0.00805338 0.00920616 0.00882781 0.00797834 0.00800147 0.00804977 0.00798006 0.00791142 0.00791862 0.00798365 0.00870598 0.010724 0.00860307 0.00891622 0.00872618 0.00924172 0.00862508 0.00902432 0.00892023 0.0131498 0.0150141 0.00874917 0.0100074 0.0107763 0.0938091 0 0.0116983 0.0038153 0.00360994 0.0036348 0.0036685 0.00419765 0.00447614 0.00499793 0.00502589 0.0103576 
0.00823892 0.00805511 0.00826507 0.00932709 0.00862151 0.00819174 0.00860056 0.00863323 0.00840841 0.00831464 0.00816218 0.00806098 0.00884227 0.00944593 0.00981843 0.008944 0.00987057 0.00930824 0.0106617 0.0092043 0.0116949 0.0165188 0.0129841 0.0097965 0.00946068 0.0162987 0.0122486 0.0116983 0 0.00368845 0.00360279 0.00357751 0.00366184 0.00366424 0.00386304 0.00438976 0.00844448 0.00772109 
0.0080383 0.00824478 0.00836093 0.00832497 0.00827448 0.00859134 0.00918576 0.00934461 0.00892151 0.00861698 0.00861629 0.00833445 0.00811222 0.00895804 0.0112367 0.0122415 0.0113173 0.0163609 0.01076 0.0143146 0.0173188 0.0467315 0.00896872 0.0105854 0.0147021 0.0100559 0.0103178 0.0038153 0.00368845 0 0.00356371 0.0035572 0.00358158 0.00380311 0.00377281 0.00754479 0.00462039 0.00651841 
0.00806499 0.00827209 0.00834034 0.00825745 0.008444 0.00858484 0.0098101 0.010085 0.00948902 0.00904656 0.00869406 0.00841732 0.00808584 0.00954722 0.0153635 0.0136959 0.0266375 0.0136278 0.0347326 0.0161927 0.0444564 0.00903866 0.00915274 0.0149722 0.0106918 0.0104227 0.00944726 0.00360994 0.00360279 0.00356371 0 0.0035553 0.00354539 0.00356414 0.0036519 0.00481378 0.0036517 0.00359524 
0.00808976 0.00845694 0.00842335 0.00814442 0.0084341 0.00892851 0.0107029 0.0113171 0.0102708 0.00926555 0.00931734 0.00848226 0.00805409 0.00980935 0.0120704 0.0284854 0.0161704 0.0458437 0.0173434 0.0845367 0.0102937 0.0102993 0.0116302 0.0118582 0.0136747 0.0101099 0.00909511 0.0036348 0.00357751 0.0035572 0.0035553 0 0.00355487 0.00355519 0.00362374 0.00358547 0.00360761 0.00362376 
0.00808479 0.00847591 0.00848803 0.00833599 0.00853905 0.00920557 0.0115718 0.0114553 0.0109721 0.00975217 0.00917161 0.00857697 0.0081666 0.00944935 0.0257493 0.0188658 0.053903 0.0333248 0.107928 0.0220181 0.015556 0.00938228 0.00980951 0.0187478 0.012394 0.0106224 0.00932765 0.0036685 0.00366184 0.00358158 0.00354539 0.00355487 0 0.00355799 0.00356435 0.00355822 0.00356685 0.00357848 
0.00823841 0.00851818 0.00868695 0.00825381 0.00859485 0.00924288 0.0113715 0.0125558 0.0109945 0.00938518 0.00998577 0.00869354 0.00815322 0.010887 0.0141698 0.0645829 0.0286937 0.130864 0.0160901 0.0432525 0.011024 0.0107694 0.0111588 0.0125712 0.0193227 0.0103289 0.0089803 0.00419765 0.00366424 0.00380311 0.00356414 0.00355519 0.00355799 0 0.00355265 0.00354228 0.00355485 0.00357845 
0.00804519 0.00854696 0.00858014 0.00851229 0.0086977 0.00897867 0.0118564 0.0112383 0.0110047 0.00987418 0.00913561 0.00880089 0.00830857 0.00978441 0.0308099 0.0295452 0.0952767 0.0177722 0.0614664 0.0153389 0.0175601 0.00932333 0.00960823 0.0212573 0.0126812 0.0119535 0.00913616 0.00447614 0.00386304 0.00377281 0.0036519 0.00362374 0.00356435 0.00355265 0 0.00354326 0.00355641 0.00356665 
0.00807162 0.00830167 0.00843373 0.00810083 0.00838641 0.00882394 0.0103083 0.0122471 0.00972776 0.00894841 0.00950518 0.00845343 0.00798551 0.0156829 0.012087 0.075785 0.0124387 0.0451168 0.0124012 0.0331052 0.00937535 0.0100832 0.00997016 0.0112197 0.0185685 0.00961945 0.00866313 0.00499793 0.00438976 0.00754479 0.00481378 0.00358547 0.00355822 0.00354228 0.00354326 0 0.00354545 0.00355257 
0.0080849 0.00831781 0.0081462 0.00818333 0.00850211 0.00869536 0.00945901 0.00910004 0.00905722 0.0085956 0.00844432 0.00825513 0.00814345 0.0115282 0.0407635 0.00976696 0.0184671 0.0100709 0.0193944 0.00954169 0.016269 0.00928102 0.00906166 0.0200193 0.0105075 0.0116788 0.0105523 0.00502589 0.00844448 0.00462039 0.0036517 0.00360761 0.00356685 0.00355485 0.00355641 0.00354545 0 0.00355022 
0.00867952 0.00814556 0.00825225 0.00812983 0.00921403 0.00860905 0.00847354 0.00850167 0.00846189 0.00823687 0.00826264 0.00814929 0.00812893 0.0290378 0.0091009 0.0110914 0.00872621 0.0106244 0.00862703 0.00949904 0.00884658 0.0115622 0.0173908 0.00888016 0.0103337 0.0129527 0.0123182 0.0103576 0.00772109 0.00651841 0.00359524 0.00362376 0.00357848 0.00357845 0.00356665 0.00355257 0.00355022 0 
