1O8XA
GLDKYLPGIEKLRRGDGEVEVKSLAGKLVFFYFSASWCPPARGFTPQLIEFYDKFHESKNFEVVFCTWDEEEDGFAGYFAKMPWLAVPFAQSEAVQKLSKHFNVESIPTLIGVDADSGDVVTTRARATLVKDPEGEQFPWKDA
CHHHCCCCCCEEEECCEEEEHHHHCCCEEEEEEECCCCHHHHHHHHHHHHHHHHHCCCCCEEEEEEECCCCHHHHHHHHCCCCCEECCHHHHHHHHHHHHHCCCCCCCEEEEEECCCCCEEECCHHHHHCCCCCCCCCCCCCC
0 0 0 0 0 0 0 0 0 0 0 0 0 0 0 0 0 0 0 0 0 0 0 0 0 0 0 0 0 0 0 0 0 0 0 0 0 0 0 0 0 0 0 0 0 0 0 0 0 0 0 0 0 0 0 0 0 0 0 0 0 0 0 0 0 0 0 0 0 0 0 0 0 0 0 0 0 0 0 0 0 0 0 0 0 0 0 0 0 0 0 0 0 0 0 0 0 0 0 0 0 0 0 0 0 0 0 0 0 0 0 0 0 0 0 0 0 0 0 0 0 0 0 0 0 0 0 0 0 0 0 0 0 0 0 0 0 0 0 0 0 0 0 
0 0 0 0 0 0 0 0 0 0 0 0 0 0 0 0 0 0 0 0 0 0 0 0 0 0 0 0 0 0 0 0 0 0 0 0 0 0 0 0 0 0 0 0 0 0 0 0 0 0 0 0 0 0 0 0 0 0 0 0 0 0 0 0 0 0 0 0 0 0 0 0 0 0 0 0 0 0 0 0 0 0 0 0 0 0 0 0 0 0 0 0 0 0 0 0 0 0 0 0 0 0 0 0 0 0 0 0 0 0 0 0 0 0 0 0 0 0 0 0 0 0 0 0 0 0 0 0 0 0 0 0 0 0 0 0 0 0 0 0 0 0 0 
0 0.00383705 0.00429951 0.00480754 0.0044221 0.00725382 0.0101633 0.976242 0.018369 0.0130555 0.0129251 0.0100798 0.011782 0.0192896 0.0291088 0.0138568 0.0121669 0.00989172 0.0126385 0.0118216 0.0097799 0.0138724 0.00977261 0.010665 0.009444 0.00827717 0.0088543 0.0087199 0.00868646 0.010621 0.00876128 0.00844538 0.0106449 
0.00383705 0 0.00376261 0.00364171 0.00509033 0.00611489 0.985875 0.00512333 0.0119453 0.0171065 0.0114726 0.0146322 0.0102386 0.0358966 0.00992845 0.0132724 0.00996043 0.0222501 0.0119467 0.0120297 0.0153929 0.009688 0.00880442 0.00897127 0.00890503 0.00988575 0.00920476 0.00878787 0.0100214 0.00863781 0.00824877 0.00881336 0.00912933 
0.00429951 0.00376261 0 0.00369539 0.00751409 0.99085 0.0045684 0.00436942 0.0100894 0.0106257 0.0150348 0.0277271 0.0239105 0.0100714 0.0109158 0.00955624 0.0155064 0.00975626 0.0112015 0.0138756 0.0108587 0.00868105 0.00897725 0.00879926 0.00881498 0.0089348 0.00884043 0.00899386 0.0083754 0.00825797 0.00907563 0.00847859 0.00827294 
0.00480754 0.00364171 0.00369539 0 0.999553 0.00425291 0.00397127 0.00384926 0.0132205 0.0103623 0.0118573 0.0121493 0.00933258 0.0110254 0.0104145 0.0202029 0.00950893 0.00936813 0.00924157 0.00947428 0.00908961 0.00939028 0.0116787 0.00873425 0.0114401 0.00862814 0.00844827 0.00826247 0.00821446 0.00832946 0.009739 0.00827241 0.00892185 
0.0044221 0.00509033 0.00751409 0.999553 0 0.00357911 0.00386159 0.00383821 0.0107416 0.0078474 0.0104406 0.0554039 0.0101869 0.0117556 0.0184228 0.017918 0.00921317 0.0110559 0.00977325 0.00959762 0.0104502 0.0126786 0.00888412 0.010616 0.00874434 0.00828153 0.00853929 0.00851437 0.00886091 0.0105922 0.00840863 0.00850042 0.0114015 
0.00725382 0.00611489 0.99085 0.00425291 0.00357911 0 0.00355946 0.0036653 0.00840157 0.0112034 0.0318086 0.00954835 0.0175641 0.00806232 0.00883337 0.00902918 0.0239222 0.00945109 0.0121402 0.0150512 0.00985514 0.00941698 0.00880981 0.00864866 0.00873357 0.00859366 0.00867521 0.00917649 0.00845976 0.00923862 0.00838189 0.00834325 0.00887379 
0.0101633 0.985875 0.0045684 0.00397127 0.00386159 0.00355946 0 0.00354273 0.0125067 0.0280014 0.0107071 0.0112117 0.00667756 0.010673 0.00688065 0.016083 0.00928076 0.0171297 0.0104218 0.0106304 0.015634 0.00904246 0.00913089 0.00903165 0.0089564 0.0101486 0.00943039 0.00860245 0.0102112 0.00813504 0.00866127 0.00861244 0.00829201 
0.976242 0.00512333 0.00436942 0.00384926 0.00383821 0.0036653 0.00354273 0 0.048305 0.00834107 0.00595221 0.00571813 0.00633584 0.00623123 0.0131446 0.0142353 0.0157462 0.0091151 0.0104375 0.0113238 0.00941547 0.0119652 0.0144169 0.0105049 0.0149284 0.00895847 0.00906952 0.00935355 0.00823919 0.0105091 0.0120028 0.00854119 0.00937276 
0.018369 0.0119453 0.0100894 0.0132205 0.0107416 0.00840157 0.0125067 0.048305 0 0.00379611 0.00361167 0.00371329 0.00360451 0.00453556 0.00499617 0.696114 0.019027 0.0247521 0.0148556 0.01489 0.0339162 0.0192103 0.0125827 0.0169531 0.0191175 0.0109832 0.0113732 0.01089 0.0105404 0.0135078 0.0105347 0.00929353 0.0122033 
0.0130555 0.0171065 0.0106257 0.0103623 0.0078474 0.0112034 0.0280014 0.00834107 0.00379611 0 0.00363268 0.00359563 0.00362144 0.00375473 0.00374275 0.0766084 0.703181 0.0311797 0.0752743 0.0583387 0.0293189 0.0118549 0.0145289 0.0129541 0.0179223 0.032715 0.0289053 0.0230022 0.0181795 0.00937677 0.00980847 0.0108652 0.00939473 
0.0129251 0.0114726 0.0150348 0.0118573 0.0104406 0.0318086 0.0107071 0.00595221 0.00361167 0.00363268 0 0.00356321 0.00355425 0.00359714 0.00361333 0.0493949 0.0504861 0.649393 0.072181 0.202166 0.0244002 0.014097 0.0101588 0.0118555 0.013742 0.0349233 0.0589559 0.0742699 0.0191422 0.00980489 0.00960597 0.0101718 0.00920679 
0.0100798 0.0146322 0.0277271 0.0121493 0.0554039 0.00954835 0.0112117 0.00571813 0.00371329 0.00359563 0.00356321 0 0.00354376 0.00356098 0.00359359 0.0339564 0.0461337 0.121684 0.700758 0.0525036 0.0712316 0.0116107 0.0111814 0.0109383 0.013675 0.0276018 0.119574 0.0463899 0.0313819 0.00914304 0.00952058 0.0104492 0.00915284 
0.011782 0.0102386 0.0239105 0.00933258 0.0101869 0.0175641 0.00667756 0.00633584 0.00360451 0.00362144 0.00355425 0.00354376 0 0.00375581 0.00356024 0.0174094 0.0587322 0.10234 0.0787498 0.652098 0.0166038 0.0163443 0.00941158 0.0110715 0.0116998 0.0322194 0.0442942 0.0511707 0.0128787 0.010203 0.00907011 0.00929623 0.00884615 
0.0192896 0.0358966 0.0100714 0.0110254 0.0117556 0.00806232 0.010673 0.00623123 0.00453556 0.00375473 0.00359714 0.00356098 0.00375581 0 0.00359251 0.0219489 0.023747 0.0634373 0.0795351 0.0359031 0.651602 0.0138347 0.0135602 0.0134688 0.0139119 0.0178662 0.0208399 0.0127263 0.0330048 0.00870271 0.00937158 0.010348 0.00913457 
0.0291088 0.00992845 0.0109158 0.0104145 0.0184228 0.00883337 0.00688065 0.0131446 0.00499617 0.00374275 0.00361333 0.00359359 0.00356024 0.00359251 0 0.0152479 0.025523 0.0180329 0.020109 0.0532818 0.0294973 0.473258 0.0161381 0.0162146 0.0191044 0.0103068 0.010377 0.010335 0.00922936 0.0139482 0.0118428 0.00903197 0.0111496 
0.0138568 0.0132724 0.00955624 0.0202029 0.017918 0.00902918 0.016083 0.0142353 0.696114 0.0766084 0.0493949 0.0339564 0.0174094 0.0219489 0.0152479 0 0.00389151 0.00365235 0.00360919 0.00372914 0.00416135 0.00498824 0.0282166 0.0232806 0.0223976 0.0130672 0.0122414 0.010039 0.0142588 0.0151758 0.0121421 0.0103634 0.0215894 
0.0121669 0.00996043 0.0155064 0.00950893 0.00921317 0.0239222 0.00928076 0.0157462 0.019027 0.703181 0.0504861 0.0461337 0.0587322 0.023747 0.025523 0.00389151 0 0.00356096 0.00356787 0.00371464 0.00368535 0.00393952 0.0368747 0.0191067 0.0269073 0.0322049 0.0207506 0.0334561 0.0126515 0.0135111 0.0115152 0.0149275 0.0105442 
0.00989172 0.0222501 0.00975626 0.00936813 0.0110559 0.00945109 0.0171297 0.0091151 0.0247521 0.0311797 0.649393 0.121684 0.10234 0.0634373 0.0180329 0.00365235 0.00356096 0 0.0036111 0.0035763 0.00359429 0.00359277 0.0188802 0.0160803 0.0209159 0.0503184 0.0976747 0.0418593 0.0380137 0.00957222 0.0121382 0.0106635 0.0103389 
0.0126385 0.0119467 0.0112015 0.00924157 0.00977325 0.0121402 0.0104218 0.0104375 0.0148556 0.0752743 0.072181 0.700758 0.0787498 0.0795351 0.020109 0.00360919 0.00356787 0.0036111 0 0.00357346 0.00360535 0.00356779 0.0290301 0.0168965 0.0242371 0.0508679 0.114782 0.108811 0.0236946 0.010971 0.0121628 0.0118113 0.0100147 
0.0118216 0.0120297 0.0138756 0.00947428 0.00959762 0.0150512 0.0106304 0.0113238 0.01489 0.0583387 0.202166 0.0525036 0.652098 0.0359031 0.0532818 0.00372914 0.00371464 0.0035763 0.00357346 0 0.00355138 0.00355803 0.0226336 0.035681 0.0240931 0.0554671 0.101032 0.0726349 0.0277566 0.0118282 0.0121763 0.011506 0.0111075 
0.0097799 0.0153929 0.0108587 0.00908961 0.0104502 0.00985514 0.015634 0.00941547 0.0339162 0.0293189 0.0244002 0.0712316 0.0166038 0.651602 0.0294973 0.00416135 0.00368535 0.00359429 0.00360535 0.00355138 0 0.00371734 0.0319927 0.0295671 0.0164996 0.0422219 0.03014 0.0196688 0.0475161 0.0113185 0.0112321 0.0193891 0.0103439 
0.0138724 0.009688 0.00868105 0.00939028 0.0126786 0.00941698 0.00904246 0.0119652 0.0192103 0.0118549 0.014097 0.0116107 0.0163443 0.0138347 0.473258 0.00498824 0.00393952 0.00359277 0.00356779 0.00355803 0.00371734 0 0.0220556 0.0436158 0.0224282 0.011445 0.0139467 0.0146669 0.0125405 0.0152819 0.0148133 0.00973705 0.0124133 
0.00977261 0.00880442 0.00897725 0.0116787 0.00888412 0.00880981 0.00913089 0.0144169 0.0125827 0.0145289 0.0101588 0.0111814 0.00941158 0.0135602 0.0161381 0.0282166 0.0368747 0.0188802 0.0290301 0.0226336 0.0319927 0.0220556 0 0.00443324 0.0382541 0.0361034 0.0142992 0.0162418 0.0178062 0.0177081 0.0149194 0.0177394 0.0206057 
0.010665 0.00897127 0.00879926 0.00873425 0.010616 0.00864866 0.00903165 0.0105049 0.0169531 0.0129541 0.0118555 0.0109383 0.0110715 0.0134688 0.0162146 0.0232806 0.0191067 0.0160803 0.0168965 0.035681 0.0295671 0.0436158 0.00443324 0 0.0292881 0.0238707 0.0212209 0.0219988 0.0430456 0.0324555 0.0168374 0.0212519 0.0166843 
0.009444 0.00890503 0.00881498 0.0114401 0.00874434 0.00873357 0.0089564 0.0149284 0.0191175 0.0179223 0.013742 0.013675 0.0116998 0.0139119 0.0191044 0.0223976 0.0269073 0.0209159 0.0242371 0.0240931 0.0164996 0.0224282 0.0382541 0.0292881 0 0.00381945 0.00363965 0.00363061 0.00364278 0.0047079 0.0109144 0.00914158 0.0393634 
0.00827717 0.00988575 0.0089348 0.00862814 0.00828153 0.00859366 0.0101486 0.00895847 0.0109832 0.032715 0.0349233 0.0276018 0.0322194 0.0178662 0.0103068 0.0130672 0.0322049 0.0503184 0.0508679 0.0554671 0.0422219 0.011445 0.0361034 0.0238707 0.00381945 0 0.00361996 0.00358142 0.00360785 0.0036649 0.00939284 0.0277392 0.0121424 
0.0088543 0.00920476 0.00884043 0.00844827 0.00853929 0.00867521 0.00943039 0.00906952 0.0113732 0.0289053 0.0589559 0.119574 0.0442942 0.0208399 0.010377 0.0122414 0.0207506 0.0976747 0.114782 0.101032 0.03014 0.0139467 0.0142992 0.0212209 0.00363965 0.00361996 0 0.00356207 0.00358216 0.00358894 0.0117561 0.00811453 0.0380757 
0.0087199 0.00878787 0.00899386 0.00826247 0.00851437 0.00917649 0.00860245 0.00935355 0.01089 0.0230022 0.0742699 0.0463899 0.0511707 0.0127263 0.010335 0.010039 0.0334561 0.0418593 0.108811 0.0726349 0.0196688 0.0146669 0.0162418 0.0219988 0.00363061 0.00358142 0.00356207 0 0.00356967 0.00355823 0.00795419 0.0303991 0.320248 
0.00868646 0.0100214 0.0083754 0.00821446 0.00886091 0.00845976 0.0102112 0.00823919 0.0105404 0.0181795 0.0191422 0.0313819 0.0128787 0.0330048 0.00922936 0.0142588 0.0126515 0.0380137 0.0236946 0.0277566 0.0475161 0.0125405 0.0178062 0.0430456 0.00364278 0.00360785 0.00358216 0.00356967 0 0.00362584 0.147743 0.144743 0.0174961 
0.010621 0.00863781 0.00825797 0.00832946 0.0105922 0.00923862 0.00813504 0.0105091 0.0135078 0.00937677 0.00980489 0.00914304 0.010203 0.00870271 0.0139482 0.0151758 0.0135111 0.00957222 0.010971 0.0118282 0.0113185 0.0152819 0.0177081 0.0324555 0.0047079 0.0036649 0.00358894 0.00355823 0.00362584 0 0.108785 0.00863447 0.0136885 
0.00876128 0.00824877 0.00907563 0.009739 0.00840863 0.00838189 0.00866127 0.0120028 0.0105347 0.00980847 0.00960597 0.00952058 0.00907011 0.00937158 0.0118428 0.0121421 0.0115152 0.0121382 0.0121628 0.0121763 0.0112321 0.0148133 0.0149194 0.0168374 0.0109144 0.00939284 0.0117561 0.00795419 0.147743 0.108785 0 0.0038375 0.00471338 
0.00844538 0.00881336 0.00847859 0.00827241 0.00850042 0.00834325 0.00861244 0.00854119 0.00929353 0.0108652 0.0101718 0.0104492 0.00929623 0.010348 0.00903197 0.0103634 0.0149275 0.0106635 0.0118113 0.011506 0.0193891 0.00973705 0.0177394 0.0212519 0.00914158 0.0277392 0.00811453 0.0303991 0.144743 0.00863447 0.0038375 0 0.00381916 
0.0106449 0.00912933 0.00827294 0.00892185 0.0114015 0.00887379 0.00829201 0.00937276 0.0122033 0.00939473 0.00920679 0.00915284 0.00884615 0.00913457 0.0111496 0.0215894 0.0105442 0.0103389 0.0100147 0.0111075 0.0103439 0.0124133 0.0206057 0.0166843 0.0393634 0.0121424 0.0380757 0.320248 0.0174961 0.0136885 0.00471338 0.00381916 0 
