1OBQA
DKIPDFVVPGKCASVDRNKLWAEQTPNRNSYAGVWYQFALTNNPYQLIEKCVRNEYSFDGKQFVIESTGIAYDGNLLKRNGKLYPNPFGEPHLSIDYENSFAAPLVILETDYSNYACLYSCIDYNFGYHSDFSFIFSRSANLADQYVKKCEAAFKNINVDTTRFVKTVQGSSCPYDTQKTL
CCCCCCEEECCCCCCCHHHHHHHHHHHHHHHCEEEEEEEEECCCCCCEEEEEEEEEEECCCCEEEEEEEEECCCCEEEEEEEEEECCCCCCCEEEEECCCCEEEEEEEEECCCCEEEEEEEEECCCCEEEEEEEEEECCCCCCHHHHHHHHHHHHCCCCCHHHEEECCCCCCCCHHHHCCC
0 0 0 0 0 0 0 0 0 0 0 0 0 0 0 0 0 0 0 0 0 0 0 0 0 0 0 0 0 0 0 0 0 0 0 0 0 0 0 0 0 0 0 0 0 0 0 0 0 0 0 0 0 0 0 0 0 0 0 0 0 0 0 0 0 0 0 0 0 0 0 0 0 0 0 0 0 0 0 0 0 0 0 0 0 0 0 0 0 0 0 0 0 0 0 0 0 0 0 0 0 0 0 0 0 0 0 0 0 0 0 0 0 0 0 0 0 0 0 0 0 0 0 0 0 0 0 0 0 0 0 0 0 0 0 0 0 0 0 0 0 0 0 0 0 0 0 0 0 0 0 0 0 0 0 0 0 0 0 0 0 0 0 0 0 0 0 0 0 0 0 0 0 0 0 0 0 0 0 0 0 
0 0 0 0 0 0 0 0 0 0 0 0 0 0 0 0 0 0 0 0 0 0 0 0 0 0 0 0 0 0 0 0 0 0 0 0 0 0 0 0 0 0 0 0 0 0 0 0 0 0 0 0 0 0 0 0 0 0 0 0 0 0 0 0 0 0 0 0 0 0 0 0 0 0 0 0 0 0 0 0 0 0 0 0 0 0 0 0 0 0 0 0 0 0 0 0 0 0 0 0 0 0 0 0 0 0 0 0 0 0 0 0 0 0 0 0 0 0 0 0 0 0 0 0 0 0 0 0 0 0 0 0 0 0 0 0 0 0 0 0 0 0 0 0 0 0 0 0 0 0 0 0 0 0 0 0 0 0 0 0 0 0 0 0 0 0 0 0 0 0 0 0 0 0 0 0 0 0 0 0 0 
0 0.00422544 0.00574051 0.01956 0.0134895 0.0111452 0.0108248 0.010508 0.0141659 0.0117216 0.0137874 0.0328816 0.0126896 0.00922462 0.00967202 0.00999806 0.00994565 0.0103437 0.0105338 0.00983872 0.0105345 0.0104191 0.0264041 0.0149191 0.00944572 0.0116025 0.00933913 0.00907039 0.00905479 0.00939506 0.0103047 0.0167757 0.0103354 0.00846127 0.00883805 0.00900152 0.00843897 0.00916288 0.00857934 0.0089118 0.00903154 0.0148588 0.00985411 0.00849179 0.00913802 0.00937311 0.0124531 0.00907436 0.00835155 0.00872303 0.00879265 0.00909131 0.00914991 0.00874847 0.00923827 0.0129172 0.00932816 0.00834331 0.00862212 0.00840478 0.00851604 0.00841418 0.00832045 0.00873936 0.00919433 0.00845931 0.00805677 0.00813079 0.00821093 0.00834391 0.00842705 0.00869649 0.00869261 0.00869518 0.0115669 0.00862217 0.00810191 0.0100313 
0.00422544 0 0.00399927 0.00889716 0.0217716 0.00973406 0.0118937 0.0134867 0.0105593 0.0124878 0.0218666 0.0091455 0.0093274 0.0103377 0.00877367 0.00895994 0.0093427 0.00954384 0.00865347 0.00894553 0.00865998 0.0118899 0.0121642 0.0100215 0.0116125 0.00869156 0.00889834 0.00856506 0.00871241 0.00906451 0.0104836 0.00897232 0.00936274 0.00907528 0.00848306 0.00827087 0.00826508 0.0084206 0.00856787 0.00856745 0.00917785 0.00877396 0.00902151 0.00999702 0.00855446 0.00906458 0.00833026 0.0086276 0.00863506 0.00831319 0.00872284 0.00895115 0.0088744 0.00848523 0.00861814 0.00825964 0.00876788 0.00883835 0.0084873 0.00844653 0.00843146 0.00839031 0.00829047 0.00840009 0.00802058 0.00830721 0.00824798 0.00820278 0.00829323 0.00848491 0.00843932 0.00884744 0.00849887 0.0084311 0.00827164 0.00821902 0.00821571 0.00796819 
0.00574051 0.00399927 0 0.0189556 0.00866801 0.0110257 0.010922 0.0110619 0.0121108 0.0111892 0.0115885 0.0170134 0.0179987 0.00911573 0.00867093 0.00918907 0.00991506 0.00939206 0.00966206 0.00885952 0.00977601 0.0107946 0.0118447 0.0190311 0.00895538 0.00957459 0.00887419 0.00877622 0.00931024 0.00908693 0.00905729 0.0106848 0.0140013 0.00906353 0.00835687 0.00876492 0.00843917 0.00853242 0.00891729 0.00875505 0.00841337 0.00902067 0.0127788 0.00888414 0.00902971 0.0083166 0.00897629 0.0108371 0.00846249 0.00833392 0.0088484 0.00916164 0.00857109 0.0086774 0.00825862 0.0086935 0.0108368 0.00866599 0.00828308 0.00841709 0.00859011 0.00828491 0.00833241 0.00826618 0.00813261 0.00917771 0.00831279 0.00804796 0.00815735 0.00821264 0.00841376 0.00835095 0.00844561 0.00820775 0.00922486 0.0102086 0.00812813 0.00811113 
0.01956 0.00889716 0.0189556 0 0.00389976 0.00357595 0.00366373 0.00411813 0.00368294 0.00375877 0.00416226 0.0087374 0.00631782 0.00678613 0.00756208 0.00776546 0.00846879 0.0103032 0.0191064 0.0141133 0.18373 0.0148447 0.0331116 0.00985228 0.0089652 0.00975645 0.00875239 0.00935653 0.00918172 0.00950033 0.0100362 0.0140248 0.00915811 0.00865143 0.00883644 0.00904809 0.00885226 0.00970394 0.00912766 0.00912276 0.00877119 0.0142691 0.0102134 0.00917624 0.00978486 0.00934434 0.0119084 0.00872007 0.00876865 0.00897938 0.00925848 0.00920909 0.00994208 0.00883188 0.00870979 0.0120312 0.00888488 0.00836971 0.00905431 0.00859357 0.00899843 0.00865699 0.00880325 0.00837567 0.00922207 0.00806962 0.00801366 0.00841251 0.00819607 0.00901763 0.00841736 0.00928339 0.0089662 0.00901144 0.00970083 0.00815682 0.00800121 0.00863911 
0.0134895 0.0217716 0.00866801 0.00389976 0 0.0035173 0.00357253 0.00365331 0.00357999 0.00665692 0.00435883 0.00417189 0.0062352 0.00703513 0.00845523 0.00778385 0.00921204 0.0269874 0.0148813 0.287411 0.0156472 0.0231951 0.00818649 0.00895329 0.0119321 0.00923134 0.0359141 0.00909289 0.011045 0.0110808 0.0122796 0.00884468 0.00862417 0.00887531 0.00910697 0.00882002 0.00985437 0.00937697 0.010706 0.00981735 0.010036 0.00889183 0.00886653 0.0115543 0.0108589 0.011025 0.00842606 0.00858789 0.00919722 0.00982805 0.0103346 0.0126493 0.0113478 0.00994164 0.0100412 0.00824942 0.00829715 0.00969598 0.00999709 0.0104031 0.00992717 0.00969306 0.00883957 0.0154426 0.00816225 0.00798789 0.00822219 0.00844755 0.00896523 0.0089582 0.00996509 0.0104045 0.0111265 0.00930782 0.00841408 0.00805964 0.00819499 0.00811698 
0.0111452 0.00973406 0.0110257 0.00357595 0.0035173 0 0.00360209 0.00353777 0.00354988 0.0036578 0.00381752 0.00368947 0.0163488 0.00624621 0.00776934 0.00783495 0.0287997 0.0313353 0.305049 0.0266615 0.0370965 0.00891151 0.00901241 0.0093442 0.0097315 0.0131479 0.00923944 0.0122429 0.0116752 0.0143672 0.00980976 0.0091867 0.00850477 0.00896589 0.00925481 0.0110007 0.00970348 0.0117666 0.0127278 0.0134269 0.00981476 0.00933284 0.00961016 0.0123419 0.0167369 0.00957006 0.00888314 0.00876504 0.00981448 0.0136282 0.0153185 0.0210146 0.0160366 0.0210745 0.00914256 0.00855138 0.00843087 0.0103172 0.0141286 0.015364 0.0142614 0.0127302 0.0134651 0.00945619 0.0083794 0.00802053 0.00829684 0.00996522 0.00992711 0.0112988 0.0131643 0.0184731 0.0134786 0.00965893 0.00861201 0.00810968 0.00819643 0.00822133 
0.0108248 0.0118937 0.010922 0.00366373 0.00357253 0.00360209 0 0.0036781 0.0035746 0.00357166 0.00358969 0.00365029 0.00617375 0.00688688 0.00752599 0.0255315 0.0298554 0.213503 0.0343968 0.0182707 0.00980727 0.00914478 0.00870725 0.010025 0.0101917 0.0120066 0.0127971 0.0138356 0.0131751 0.0177144 0.0169832 0.00920993 0.00876879 0.00943285 0.0101328 0.0129111 0.0104796 0.0166458 0.0125022 0.0201044 0.0102812 0.00963205 0.0107363 0.0134612 0.0255391 0.0102834 0.00961959 0.00937946 0.0122453 0.0145532 0.0271642 0.0285237 0.0327632 0.0218353 0.00951262 0.00912416 0.00875404 0.0112862 0.0219141 0.0199176 0.0207925 0.0240895 0.0171426 0.00978409 0.00868298 0.00814227 0.00864146 0.0122578 0.0133227 0.0163427 0.0195156 0.0240282 0.0195956 0.0117718 0.00885583 0.00857408 0.00858645 0.00817695 
0.010508 0.0134867 0.0110619 0.00411813 0.00365331 0.00353777 0.0036781 0 0.00356833 0.0035637 0.0035634 0.00356534 0.00596141 0.00864752 0.0171516 0.0186599 0.163083 0.0436611 0.0253449 0.00982177 0.00879523 0.00989641 0.00788334 0.00947732 0.0141789 0.0107012 0.0169766 0.0124517 0.0159318 0.019606 0.0130858 0.00921387 0.00881801 0.0094331 0.0122997 0.00973011 0.0171364 0.0111711 0.0213652 0.01407 0.0136244 0.00966561 0.0110215 0.0336993 0.017362 0.0197366 0.00910291 0.010376 0.0126724 0.0227844 0.0257884 0.054757 0.036518 0.0172612 0.0147243 0.00865547 0.00886714 0.0135965 0.0270863 0.0271774 0.033892 0.0274807 0.0169724 0.0103225 0.00884363 0.00822719 0.00883082 0.0126091 0.0198126 0.0232795 0.0316016 0.0301313 0.0264567 0.0132678 0.00909032 0.00839832 0.00885141 0.00819886 
0.0141659 0.0105593 0.0121108 0.00368294 0.00357999 0.00354988 0.0035746 0.00356833 0 0.00354097 0.00357025 0.00358084 0.00695009 0.0117603 0.0228253 0.152958 0.0404372 0.0276727 0.0123292 0.00777933 0.0124302 0.00806839 0.00908868 0.012051 0.00946184 0.0239825 0.010834 0.0196582 0.0149178 0.0194113 0.0114734 0.00924482 0.00916327 0.0108277 0.00972546 0.0224926 0.0100109 0.0256527 0.0130486 0.0269075 0.0115691 0.00944807 0.0184742 0.0153563 0.0406916 0.0123198 0.0102833 0.0107451 0.0161851 0.0219812 0.0525749 0.0434564 0.0292058 0.0323783 0.0100596 0.00921949 0.00973697 0.0150198 0.0361616 0.0387912 0.0327796 0.0223484 0.0210262 0.0111513 0.00870026 0.00865409 0.00935254 0.0159804 0.0271906 0.0307211 0.0242714 0.0367147 0.0290734 0.0150955 0.00950168 0.00900684 0.00853094 0.00824118 
0.0117216 0.0124878 0.0111892 0.00375877 0.00665692 0.0036578 0.00357166 0.0035637 0.00354097 0 0.00355513 0.00354365 0.00883425 0.0124971 0.1537 0.0495515 0.0275275 0.0148083 0.00777303 0.0122482 0.00819852 0.00921129 0.00804168 0.0101563 0.0151822 0.0133495 0.0139931 0.0130658 0.0155617 0.0181699 0.011788 0.00916393 0.00957402 0.00967514 0.0132963 0.010436 0.0179919 0.012105 0.0225984 0.0176598 0.0129627 0.00953622 0.011304 0.0304845 0.0284732 0.0172771 0.0091196 0.0106261 0.0135145 0.0331378 0.0319126 0.0409985 0.0344179 0.0200988 0.013263 0.00903952 0.00916086 0.018812 0.0433029 0.0332954 0.0231527 0.0299739 0.0174056 0.0107645 0.00884471 0.00832629 0.00934834 0.0206575 0.0299862 0.0203304 0.0256539 0.0349027 0.0362718 0.0135652 0.00922504 0.00849424 0.0090763 0.00820808 
0.0137874 0.0218666 0.0115885 0.00416226 0.00435883 0.00381752 0.00358969 0.0035634 0.00357025 0.00355513 0 0.0036796 0.0274234 0.173856 0.0210786 0.0165201 0.0116568 0.00833186 0.0106134 0.00780868 0.0104152 0.0101032 0.00828375 0.0122463 0.0162192 0.0114677 0.0117756 0.0116516 0.0105808 0.0120507 0.0170827 0.00949113 0.0101279 0.0111812 0.00989862 0.0102788 0.00976872 0.0109478 0.0126653 0.0112681 0.0130136 0.00989116 0.0118976 0.0199524 0.0130188 0.0148421 0.00970615 0.0105169 0.015597 0.0120978 0.0135585 0.0165814 0.0155786 0.011876 0.0141772 0.00882216 0.00973667 0.0125296 0.0161824 0.0127292 0.0143665 0.011752 0.0104734 0.0100207 0.00876125 0.00897662 0.00885826 0.0113373 0.0109054 0.0109666 0.0132226 0.0143005 0.0145395 0.0133451 0.00894886 0.00876022 0.00866889 0.00806194 
0.0328816 0.0091455 0.0170134 0.0087374 0.00417189 0.00368947 0.00365029 0.00356534 0.00358084 0.00354365 0.0036796 0 0.169915 0.00989948 0.0112985 0.00629894 0.00652725 0.00748405 0.0105205 0.00641998 0.0077962 0.00692922 0.00915685 0.022337 0.00925009 0.00987796 0.00848514 0.00917777 0.00879539 0.00934688 0.00952574 0.0111182 0.0154298 0.00943756 0.00868628 0.00932947 0.00858027 0.0100587 0.00928593 0.00923432 0.00912317 0.0101401 0.021034 0.00978233 0.00955098 0.00927678 0.0104795 0.0171833 0.00971354 0.00894933 0.0104721 0.0099987 0.00962244 0.00997127 0.0087354 0.00990963 0.0137868 0.00934212 0.00928232 0.00986501 0.00979592 0.00903683 0.00886356 0.0088225 0.0088499 0.0103709 0.00884368 0.00847478 0.00917855 0.00906256 0.00921453 0.00925776 0.00964799 0.00949568 0.0108872 0.0127496 0.00826886 0.00813902 
0.0126896 0.0093274 0.0179987 0.00631782 0.0062352 0.0163488 0.00617375 0.00596141 0.00695009 0.00883425 0.0274234 0.169915 0 0.00381177 0.00365221 0.00357956 0.00359764 0.00362063 0.00376913 0.00366856 0.00501906 0.00499007 0.0175006 0.00795242 0.00732872 0.0093452 0.00790535 0.00876631 0.0120386 0.0084098 0.00898745 0.0535049 0.0110045 0.00989074 0.00844815 0.00958193 0.00831278 0.00912858 0.0086909 0.00911537 0.00891851 0.0174734 0.0112474 0.00903872 0.00994754 0.00893398 0.0223667 0.00939176 0.00881943 0.00905341 0.00931506 0.00919186 0.0095002 0.00970993 0.00881484 0.0176994 0.0103445 0.00859145 0.00908637 0.00878531 0.00918468 0.00885156 0.00874823 0.00870228 0.0108956 0.00830146 0.00809681 0.0083134 0.00844342 0.00857723 0.00874817 0.00873663 0.00895463 0.00859805 0.0135424 0.0089636 0.00807366 0.00912426 
0.00922462 0.0103377 0.00911573 0.00678613 0.00703513 0.00624621 0.00688688 0.00864752 0.0117603 0.0124971 0.173856 0.00989948 0.00381177 0 0.00363611 0.00353473 0.00359139 0.00356999 0.00364632 0.00362611 0.00405474 0.00568141 0.00493861 0.00647637 0.00787861 0.00757296 0.00814903 0.00805167 0.00843333 0.00869359 0.0140152 0.0311175 0.00937464 0.00848256 0.0084616 0.00845777 0.00854093 0.00874413 0.00875853 0.00891321 0.00970956 0.00884436 0.00944546 0.0101927 0.0103576 0.0112418 0.00863249 0.00880509 0.00931646 0.00919455 0.0104526 0.0126924 0.0104902 0.00998486 0.00969129 0.00843124 0.00850677 0.0095598 0.00982781 0.0100436 0.00966237 0.00980034 0.00906911 0.00906516 0.00827793 0.00802776 0.00818851 0.00843046 0.00873273 0.0090561 0.00929641 0.0107634 0.00937929 0.00975949 0.0085535 0.00808008 0.0082559 0.00810752 
0.00967202 0.00877367 0.00867093 0.00756208 0.00845523 0.00776934 0.00752599 0.0171516 0.0228253 0.1537 0.0210786 0.0112985 0.00365221 0.00363611 0 0.00355818 0.00354001 0.00354226 0.00355306 0.00373513 0.00397259 0.00414392 0.00392891 0.00633503 0.00714488 0.00769212 0.00903351 0.00820825 0.00866406 0.0112651 0.0404621 0.120652 0.00824291 0.00843117 0.00912118 0.0086561 0.00963754 0.00903143 0.011687 0.0114206 0.00916138 0.00978828 0.00971336 0.0127419 0.0146215 0.0104716 0.00865387 0.0090965 0.00985125 0.0129902 0.0133548 0.0216436 0.0186562 0.0140633 0.0101719 0.00840654 0.00877808 0.0100753 0.0151759 0.0131832 0.0129451 0.0142369 0.0110561 0.00880646 0.00837394 0.0081325 0.00823756 0.00991576 0.0111269 0.0110504 0.015192 0.0140604 0.017042 0.00959761 0.0084629 0.00814938 0.00814535 0.00802619 
0.00999806 0.00895994 0.00918907 0.00776546 0.00778385 0.00783495 0.0255315 0.0186599 0.152958 0.0495515 0.0165201 0.00629894 0.00357956 0.00353473 0.00355818 0 0.00353073 0.00353284 0.00355546 0.00375366 0.00466495 0.00362048 0.00376703 0.00619471 0.00683632 0.0083459 0.00753539 0.00805294 0.00878809 0.0291015 0.356141 0.0108373 0.00832156 0.00856033 0.00865898 0.00965389 0.00881067 0.0104691 0.0178026 0.0110425 0.0103494 0.00925947 0.0111308 0.0175263 0.0177505 0.0115606 0.00917112 0.00945152 0.011176 0.0139087 0.0252146 0.0253986 0.0264658 0.0229235 0.00960243 0.00873787 0.0088952 0.0115008 0.0181822 0.0189926 0.0174049 0.0167507 0.0127161 0.0103405 0.00831437 0.00815706 0.00861574 0.0113916 0.0126256 0.0159409 0.0157457 0.0243085 0.0230959 0.0107654 0.00971965 0.00846393 0.00819117 0.00809371 
0.00994565 0.0093427 0.00991506 0.00846879 0.00921204 0.0287997 0.0298554 0.163083 0.0404372 0.0275275 0.0116568 0.00652725 0.00359764 0.00359139 0.00354001 0.00353073 0 0.00353893 0.00360087 0.00359078 0.00361278 0.00364065 0.00381138 0.00616927 0.00696683 0.00829112 0.00734191 0.00936079 0.026419 0.481061 0.0264254 0.00832734 0.00832706 0.00866278 0.00933826 0.0101771 0.00940227 0.0150866 0.0100764 0.0280302 0.00983963 0.0102041 0.0122033 0.0143731 0.036757 0.0106975 0.00983229 0.00968539 0.0144137 0.019286 0.0366544 0.0458333 0.0301357 0.0237553 0.011128 0.00963135 0.00916711 0.014139 0.0290371 0.0237222 0.0274656 0.0208862 0.019691 0.0103395 0.00872952 0.00822494 0.00947201 0.0141198 0.016254 0.0225187 0.0237219 0.0436896 0.0244534 0.0156781 0.00897714 0.0085953 0.00836793 0.00824597 
0.0103437 0.00954384 0.00939206 0.0103032 0.0269874 0.0313353 0.213503 0.0436611 0.0276727 0.0148083 0.00833186 0.00748405 0.00362063 0.00356999 0.00354226 0.00353284 0.00353893 0 0.00353805 0.0035978 0.00354629 0.00364628 0.00358673 0.00615614 0.00854666 0.00627181 0.0104048 0.0155662 0.75284 0.0303783 0.0112221 0.00799096 0.00850339 0.00847942 0.0114152 0.00831794 0.0185101 0.00882035 0.0296164 0.0102868 0.0104425 0.00949722 0.0110654 0.0355741 0.0109881 0.0231559 0.00862024 0.0116077 0.0111448 0.0216931 0.0215169 0.0346983 0.0343542 0.0131881 0.0154845 0.0085921 0.00941372 0.0131604 0.0213588 0.0266415 0.0170033 0.0264416 0.0141434 0.00993167 0.00881271 0.00856475 0.0089192 0.0119404 0.0223461 0.0140408 0.0396036 0.0219191 0.0324031 0.0107015 0.01009 0.0083781 0.00844253 0.00811838 
0.0105338 0.00865347 0.00966206 0.0191064 0.0148813 0.305049 0.0343968 0.0253449 0.0123292 0.00777303 0.0106134 0.0105205 0.00376913 0.00364632 0.00355306 0.00355546 0.00360087 0.00353805 0 0.00353325 0.00377 0.00360448 0.00375314 0.00581314 0.00607247 0.0164598 0.00786557 0.898753 0.0174075 0.0129344 0.00879115 0.00812206 0.00808837 0.0090718 0.00800804 0.0346134 0.00798753 0.0218329 0.00849871 0.0202913 0.00902773 0.00900923 0.0132352 0.00964127 0.0542862 0.00910636 0.0119667 0.00896659 0.0145629 0.0133473 0.0332246 0.0256411 0.017486 0.0407031 0.00895219 0.0110258 0.00892386 0.0113081 0.0208789 0.0164433 0.0265401 0.0132594 0.0168625 0.0105334 0.00852464 0.00824752 0.00958117 0.0125758 0.0110635 0.0354453 0.0134294 0.0328486 0.0159418 0.0130208 0.00873525 0.00954782 0.00840212 0.00819785 
0.00983872 0.00894553 0.00885952 0.0141133 0.287411 0.0266615 0.0182707 0.00982177 0.00777933 0.0122482 0.00780868 0.00641998 0.00366856 0.00362611 0.00373513 0.00375366 0.00359078 0.0035978 0.00353325 0 0.00352906 0.00374958 0.00353792 0.00432204 0.015586 0.00641787 0.936315 0.0121356 0.00764637 0.00719283 0.0085281 0.00721253 0.00804103 0.00794724 0.0201472 0.00785193 0.0190348 0.00801456 0.0239528 0.0087062 0.00957442 0.0103277 0.00903263 0.0329281 0.00885767 0.0239484 0.00843653 0.0105814 0.00922138 0.01493 0.0120521 0.0215784 0.0234228 0.00916138 0.0170229 0.0082596 0.00883903 0.0109671 0.0141715 0.0167223 0.0104732 0.018011 0.0103524 0.00888065 0.00877975 0.00838029 0.00823987 0.00974784 0.0226033 0.00956151 0.0203038 0.0139344 0.0173523 0.00909103 0.00897454 0.00811372 0.00825037 0.00817286 
0.0105345 0.00865998 0.00977601 0.18373 0.0156472 0.0370965 0.00980727 0.00879523 0.0124302 0.00819852 0.0104152 0.0077962 0.00501906 0.00405474 0.00397259 0.00466495 0.00361278 0.00354629 0.00377 0.00352906 0 0.0035378 0.00371285 0.0075348 0.00645244 0.955635 0.0144194 0.00879283 0.006493 0.00742952 0.00749903 0.00748824 0.00793028 0.00990963 0.00793202 0.0185086 0.0078591 0.0273667 0.00822674 0.0124007 0.0087834 0.00857316 0.0124959 0.00882705 0.0425634 0.00855215 0.0109401 0.00881475 0.0122474 0.00995951 0.0232015 0.0158687 0.0116149 0.0280437 0.00863849 0.0111896 0.0100509 0.0104614 0.0151248 0.0119719 0.0175035 0.00992262 0.0114979 0.00926951 0.00829889 0.00819236 0.0097561 0.0146358 0.00953955 0.0199678 0.0111011 0.0202782 0.0128784 0.00978645 0.00858674 0.00957739 0.00825984 0.00819988 
0.0104191 0.0118899 0.0107946 0.0148447 0.0231951 0.00891151 0.00914478 0.00989641 0.00806839 0.00921129 0.0101032 0.00692922 0.00499007 0.00568141 0.00414392 0.00362048 0.00364065 0.00364628 0.00360448 0.00374958 0.0035378 0 0.00364281 0.00463655 0.986975 0.00705252 0.00756595 0.00559755 0.0067379 0.00697799 0.00771088 0.00677786 0.00926572 0.00880722 0.011438 0.00780375 0.0131089 0.00799338 0.0129621 0.00876579 0.010049 0.0153528 0.00899348 0.0268524 0.00862594 0.0197364 0.00853061 0.0106744 0.00911272 0.0102422 0.0092397 0.0124831 0.0121834 0.0087328 0.0178182 0.00826432 0.00900404 0.0112488 0.00977515 0.0100797 0.00909641 0.0103769 0.00878084 0.00869208 0.0089589 0.00891285 0.0087283 0.00838198 0.010188 0.00877694 0.0115641 0.00989186 0.010654 0.00929237 0.00901386 0.00825458 0.00886704 0.00825055 
0.0264041 0.0121642 0.0118447 0.0331116 0.00818649 0.00901241 0.00870725 0.00788334 0.00908868 0.00804168 0.00828375 0.00915685 0.0175006 0.00493861 0.00392891 0.00376703 0.00381138 0.00358673 0.00375314 0.00353792 0.00371285 0.00364281 0 0.958107 0.00416912 0.00684818 0.00428412 0.00543438 0.00581152 0.00599117 0.00617128 0.00719 0.0134778 0.00876803 0.00745961 0.00945192 0.00758933 0.00965235 0.00818405 0.00887271 0.015448 0.0107355 0.0345813 0.00880716 0.0111897 0.00850117 0.0151903 0.0146641 0.00937301 0.00851766 0.0103021 0.00961462 0.00914055 0.011783 0.00855746 0.0133675 0.0182879 0.00928295 0.00897181 0.00908513 0.00969551 0.00876447 0.00863931 0.00905776 0.00844015 0.0108339 0.00839632 0.00857987 0.00849999 0.00923771 0.00880098 0.00920117 0.00891571 0.00923694 0.00984402 0.0191187 0.00815945 0.00821082 
0.0149191 0.0100215 0.0190311 0.00985228 0.00895329 0.0093442 0.010025 0.00947732 0.012051 0.0101563 0.0122463 0.022337 0.00795242 0.00647637 0.00633503 0.00619471 0.00616927 0.00615614 0.00581314 0.00432204 0.0075348 0.00463655 0.958107 0 0.00360607 0.00362783 0.00358688 0.00358654 0.00362587 0.00391248 0.00427516 0.0103542 0.0075291 0.00686977 0.00716898 0.00815093 0.00710997 0.00979548 0.00920159 0.640331 0.0350388 0.0332162 0.0208662 0.0106273 0.0129197 0.00942786 0.0308351 0.0132602 0.0107519 0.00971824 0.01207 0.0123665 0.0130336 0.0110567 0.00953345 0.0352834 0.0148733 0.0117423 0.0119688 0.0101318 0.0115744 0.00970828 0.0110726 0.00940606 0.0151956 0.00924672 0.00866157 0.00920366 0.00901661 0.0103731 0.0095605 0.012246 0.0099012 0.0108484 0.0175499 0.00982355 0.00836102 0.0103751 
0.00944572 0.0116125 0.00895538 0.0089652 0.0119321 0.0097315 0.0101917 0.0141789 0.00946184 0.0151822 0.0162192 0.00925009 0.00732872 0.00787861 0.00714488 0.00683632 0.00696683 0.00854666 0.00607247 0.015586 0.00645244 0.986975 0.00416912 0.00360607 0 0.00356918 0.0035471 0.00356292 0.00360047 0.00372615 0.00400393 0.00439786 0.00646063 0.00676152 0.00831298 0.00690297 0.0112704 0.0079353 0.840597 0.0281305 0.0260928 0.00917953 0.00967647 0.0261309 0.00898189 0.0255416 0.00877501 0.0112563 0.0105094 0.0123347 0.0134085 0.0178867 0.0180687 0.00978389 0.0253666 0.00860698 0.00975148 0.0177273 0.0132874 0.0162451 0.0102602 0.0172873 0.00996422 0.0129417 0.00955307 0.00860191 0.00862882 0.00922953 0.0122251 0.00984945 0.0168719 0.0140143 0.0162026 0.0120653 0.00982953 0.00844528 0.00903081 0.0084593 
0.0116025 0.00869156 0.00957459 0.00975645 0.00923134 0.0131479 0.0120066 0.0107012 0.0239825 0.0133495 0.0114677 0.00987796 0.0093452 0.00757296 0.00769212 0.0083459 0.00829112 0.00627181 0.0164598 0.00641787 0.955635 0.00705252 0.00684818 0.00362783 0.00356918 0 0.0035552 0.00354128 0.00356649 0.00381177 0.00367556 0.00386625 0.00650124 0.00732086 0.00659249 0.0135337 0.00693135 0.867858 0.0126547 0.0177667 0.00831701 0.00794589 0.0103995 0.00929081 0.0371185 0.00886233 0.0125598 0.0090206 0.0134514 0.011944 0.0258687 0.0205671 0.0160411 0.0530564 0.00896354 0.0121713 0.0106754 0.0116673 0.0258697 0.015894 0.0276533 0.0119261 0.0278586 0.0102027 0.00856606 0.00847404 0.00938053 0.0118069 0.010239 0.0264358 0.0139526 0.0304698 0.020857 0.0127799 0.00886034 0.0102826 0.00837867 0.00832826 
0.00933913 0.00889834 0.00887419 0.00875239 0.0359141 0.00923944 0.0127971 0.0169766 0.010834 0.0139931 0.0117756 0.00848514 0.00790535 0.00814903 0.00903351 0.00753539 0.00734191 0.0104048 0.00786557 0.936315 0.0144194 0.00756595 0.00428412 0.00358688 0.0035471 0.0035552 0 0.00354152 0.00354796 0.00357253 0.00362617 0.00364947 0.00580419 0.0061523 0.00997064 0.00663137 0.819545 0.0120861 0.0198285 0.0079098 0.00933018 0.00790639 0.00879473 0.0171616 0.00939627 0.0158015 0.00845389 0.00998821 0.0100011 0.0152565 0.0151124 0.0256812 0.0287584 0.0101524 0.016493 0.00848958 0.00906331 0.013399 0.0171764 0.0237683 0.0129551 0.0325847 0.0118925 0.00928832 0.00897198 0.00861943 0.00850774 0.0111886 0.0174458 0.0113829 0.0268411 0.0225265 0.0246825 0.0103789 0.00960268 0.00830058 0.00831833 0.00832012 
0.00907039 0.00856506 0.00877622 0.00935653 0.00909289 0.0122429 0.0138356 0.0124517 0.0196582 0.0130658 0.0116516 0.00917777 0.00876631 0.00805167 0.00820825 0.00805294 0.00936079 0.0155662 0.898753 0.0121356 0.00879283 0.00559755 0.00543438 0.00358654 0.00356292 0.00354128 0.00354152 0 0.00352059 0.00354826 0.00359068 0.00356787 0.00516578 0.00657138 0.00620734 0.803686 0.0190402 0.0219956 0.00878317 0.00975541 0.00794883 0.00734272 0.0102434 0.0106618 0.0189157 0.00938224 0.00976041 0.00915788 0.0115565 0.0114367 0.0204818 0.0304221 0.0189114 0.0226046 0.0094212 0.00934671 0.0105267 0.0110297 0.0258968 0.0169757 0.0401682 0.0149771 0.0172649 0.0101699 0.00877191 0.00836048 0.0089427 0.0125539 0.013361 0.0196175 0.0229757 0.0345668 0.0201595 0.0142473 0.00896231 0.00854417 0.00822655 0.00815936 
0.00905479 0.00871241 0.00931024 0.00918172 0.011045 0.0116752 0.0131751 0.0159318 0.0149178 0.0155617 0.0105808 0.00879539 0.0120386 0.00843333 0.00866406 0.00878809 0.026419 0.75284 0.0174075 0.00764637 0.006493 0.0067379 0.00581152 0.00362587 0.00360047 0.00356649 0.00354796 0.00352059 0 0.00353977 0.00357224 0.00362765 0.00614957 0.00581152 0.763579 0.0164487 0.0181905 0.00764507 0.00747432 0.00900476 0.00757274 0.00767903 0.00958875 0.0135591 0.0146258 0.0127174 0.00875552 0.00956268 0.0104562 0.0144936 0.0234845 0.0239782 0.0228431 0.0169926 0.0107817 0.00898696 0.00918418 0.0146181 0.0182763 0.0340892 0.0179634 0.0224698 0.0138918 0.0100388 0.00879307 0.00847757 0.00901846 0.0126552 0.0151591 0.0204539 0.0235446 0.0272449 0.0232782 0.0120676 0.00961014 0.00872256 0.00827166 0.00855531 
0.00939506 0.00906451 0.00908693 0.00950033 0.0110808 0.0143672 0.0177144 0.019606 0.0194113 0.0181699 0.0120507 0.00934688 0.0084098 0.00869359 0.0112651 0.0291015 0.481061 0.0303783 0.0129344 0.00719283 0.00742952 0.00697799 0.00599117 0.00391248 0.00372615 0.00381177 0.00357253 0.00354826 0.00353977 0 0.0035502 0.00356418 0.00483772 0.749562 0.0540353 0.0234302 0.00646376 0.00717535 0.00858866 0.00922697 0.00796969 0.00758337 0.0105277 0.0175787 0.0188523 0.0119571 0.00969649 0.0100228 0.0130061 0.0198172 0.0221359 0.0337801 0.0291001 0.0227279 0.0116373 0.00933078 0.00973161 0.0147425 0.0479666 0.0228159 0.0302404 0.0217528 0.0208722 0.010943 0.00935383 0.0086635 0.00975982 0.0144547 0.023271 0.0344821 0.0256389 0.0312242 0.0298096 0.0140927 0.0104652 0.00874769 0.00863358 0.00859039 
0.0103047 0.0104836 0.00905729 0.0100362 0.0122796 0.00980976 0.0169832 0.0130858 0.0114734 0.011788 0.0170827 0.00952574 0.00898745 0.0140152 0.0404621 0.356141 0.0264254 0.0112221 0.00879115 0.0085281 0.00749903 0.00771088 0.00617128 0.00427516 0.00400393 0.00367556 0.00362617 0.00359068 0.00357224 0.0035502 0 0.00376172 0.78282 0.0513456 0.0106946 0.00666028 0.00641245 0.00670527 0.00751128 0.00759333 0.00865591 0.00821363 0.010381 0.0195067 0.0116561 0.02272 0.00958563 0.0103542 0.0158848 0.0109094 0.0132086 0.0176664 0.015337 0.0120632 0.0179797 0.0092897 0.00999039 0.0232397 0.0146742 0.0155159 0.0130703 0.0148637 0.0109684 0.0126867 0.00928788 0.00937981 0.00977201 0.0113174 0.0190326 0.0119606 0.0130316 0.0159112 0.0138546 0.0175158 0.0107043 0.00917137 0.00961848 0.0084381 
0.0167757 0.00897232 0.0106848 0.0140248 0.00884468 0.0091867 0.00920993 0.00921387 0.00924482 0.00916393 0.00949113 0.0111182 0.0535049 0.0311175 0.120652 0.0108373 0.00832734 0.00799096 0.00812206 0.00721253 0.00748824 0.00677786 0.00719 0.0103542 0.00439786 0.00386625 0.00364947 0.00356787 0.00362765 0.00356418 0.00376172 0 0.203559 0.00968494 0.00457763 0.00529486 0.00521543 0.00601315 0.00600779 0.00645212 0.00681162 0.00732219 0.0160528 0.00989919 0.00909433 0.00959776 0.0118213 0.0186334 0.00907876 0.00874545 0.00987515 0.0100119 0.00966454 0.0091851 0.0092475 0.0126315 0.0193031 0.00988311 0.00967918 0.00929179 0.00954498 0.00927788 0.0089085 0.00882684 0.0100538 0.011459 0.00910152 0.00977973 0.00921584 0.00894942 0.00931144 0.00933566 0.00937868 0.00942807 0.0133098 0.0124116 0.00834271 0.00875604 
0.0103354 0.00936274 0.0140013 0.00915811 0.00862417 0.00850477 0.00876879 0.00881801 0.00916327 0.00957402 0.0101279 0.0154298 0.0110045 0.00937464 0.00824291 0.00832156 0.00832706 0.00850339 0.00808837 0.00804103 0.00793028 0.00926572 0.0134778 0.0075291 0.00646063 0.00650124 0.00580419 0.00516578 0.00614957 0.00483772 0.78282 0.203559 0 0.00392784 0.00355796 0.00464361 0.00367616 0.00364875 0.00380867 0.00440495 0.00448481 0.0128485 0.00890038 0.00783586 0.00825098 0.00925617 0.0181756 0.0099759 0.00851791 0.0085969 0.00878028 0.0100759 0.00929694 0.0088051 0.0105527 0.0164109 0.0110272 0.00914562 0.00879726 0.00896196 0.00876365 0.00918798 0.00870349 0.00914737 0.0108208 0.00941993 0.00833134 0.00856665 0.00843701 0.00857465 0.00868567 0.00875291 0.00876578 0.00872337 0.0212742 0.00866489 0.0081778 0.0105985 
0.00846127 0.00907528 0.00906353 0.00865143 0.00887531 0.00896589 0.00943285 0.0094331 0.0108277 0.00967514 0.0111812 0.00943756 0.00989074 0.00848256 0.00843117 0.00856033 0.00866278 0.00847942 0.0090718 0.00794724 0.00990963 0.00880722 0.00876803 0.00686977 0.00676152 0.00732086 0.0061523 0.00657138 0.00581152 0.749562 0.0513456 0.00968494 0.00392784 0 0.00354721 0.00451662 0.00354307 0.00357016 0.00384812 0.00372882 0.00567827 0.00431259 0.00733561 0.00784162 0.00844257 0.00926548 0.00887998 0.00847706 0.00944165 0.00850627 0.0110502 0.0102598 0.0100054 0.00991966 0.00936095 0.0094887 0.00906205 0.00979383 0.0100829 0.009588 0.0102049 0.00917637 0.00968842 0.00943414 0.0124446 0.00840167 0.00867534 0.00873779 0.00887974 0.00928673 0.00957497 0.0116191 0.00946019 0.0135323 0.00913506 0.00837446 0.00829372 0.00849125 
0.00883805 0.00848306 0.00835687 0.00883644 0.00910697 0.00925481 0.0101328 0.0122997 0.00972546 0.0132963 0.00989862 0.00868628 0.00844815 0.0084616 0.00912118 0.00865898 0.00933826 0.0114152 0.00800804 0.0201472 0.00793202 0.011438 0.00745961 0.00716898 0.00831298 0.00659249 0.00997064 0.00620734 0.763579 0.0540353 0.0106946 0.00457763 0.00355796 0.00354721 0 0.00351811 0.00355259 0.00356576 0.00363968 0.00659756 0.00369077 0.00384836 0.00687252 0.0081837 0.00769628 0.00955145 0.00754831 0.00920115 0.00845851 0.0135568 0.00925565 0.0117237 0.0141727 0.0088559 0.0113538 0.00815707 0.00903553 0.0107035 0.0104436 0.013448 0.00948068 0.0130484 0.009666 0.0114445 0.00878368 0.00852042 0.00862216 0.00924022 0.0111689 0.00930924 0.0140243 0.0108811 0.0207 0.00880868 0.00879345 0.00825692 0.00820623 0.00814548 
0.00900152 0.00827087 0.00876492 0.00904809 0.00882002 0.0110007 0.0129111 0.00973011 0.0224926 0.010436 0.0102788 0.00932947 0.00958193 0.00845777 0.0086561 0.00965389 0.0101771 0.00831794 0.0346134 0.00785193 0.0185086 0.00780375 0.00945192 0.00815093 0.00690297 0.0135337 0.00663137 0.803686 0.0164487 0.0234302 0.00666028 0.00529486 0.00464361 0.00451662 0.00351811 0 0.00353261 0.00355418 0.00634654 0.00376861 0.00371306 0.00360793 0.00780072 0.00707071 0.0159819 0.00698203 0.00936184 0.00853552 0.0155973 0.00884787 0.0124329 0.0129666 0.0107327 0.0267563 0.0083808 0.0108717 0.00951488 0.00955586 0.0146888 0.0113231 0.0161129 0.00978095 0.0155522 0.00986424 0.00838741 0.00834747 0.00886148 0.0106139 0.00934408 0.0184269 0.0103305 0.0350572 0.0119343 0.011877 0.00852806 0.00963014 0.00819423 0.00812825 
0.00843897 0.00826508 0.00843917 0.00885226 0.00985437 0.00970348 0.0104796 0.0171364 0.0100109 0.0179919 0.00976872 0.00858027 0.00831278 0.00854093 0.00963754 0.00881067 0.00940227 0.0185101 0.00798753 0.0190348 0.0078591 0.0131089 0.00758933 0.00710997 0.0112704 0.00693135 0.819545 0.0190402 0.0181905 0.00646376 0.00641245 0.00521543 0.00367616 0.00354307 0.00355259 0.00353261 0 0.00382742 0.00357185 0.00355201 0.00354081 0.00363218 0.00629498 0.00984323 0.0065754 0.00891112 0.00782615 0.014999 0.00836429 0.0101399 0.00984916 0.0124988 0.0159703 0.00836713 0.0139969 0.00815711 0.00874797 0.0108226 0.0121444 0.0145922 0.0104863 0.0246978 0.0100482 0.00885102 0.00947145 0.00851816 0.00855416 0.0100163 0.0171654 0.009738 0.0407505 0.0136511 0.0175488 0.00957411 0.00986751 0.0083194 0.00827582 0.00816366 
0.00916288 0.0084206 0.00853242 0.00970394 0.00937697 0.0117666 0.0166458 0.0111711 0.0256527 0.012105 0.0109478 0.0100587 0.00912858 0.00874413 0.00903143 0.0104691 0.0150866 0.00882035 0.0218329 0.00801456 0.0273667 0.00799338 0.00965235 0.00979548 0.0079353 0.867858 0.0120861 0.0219956 0.00764507 0.00717535 0.00670527 0.00601315 0.00364875 0.00357016 0.00356576 0.00355418 0.00382742 0 0.00355014 0.00355539 0.00357156 0.00357181 0.0148742 0.00653052 0.0103443 0.00875855 0.690922 0.00867487 0.0100072 0.00973208 0.0148434 0.0152626 0.0121118 0.0208502 0.00909054 0.0127731 0.0100616 0.0112312 0.0163417 0.0151109 0.0401577 0.0123803 0.0145127 0.00999358 0.00864595 0.00868203 0.0094189 0.0143407 0.0111123 0.0401235 0.0164602 0.028553 0.0153811 0.0134388 0.00927697 0.00931638 0.00837446 0.00828024 
0.00857934 0.00856787 0.00891729 0.00912766 0.010706 0.0127278 0.0125022 0.0213652 0.0130486 0.0225984 0.0126653 0.00928593 0.0086909 0.00875853 0.011687 0.0178026 0.0100764 0.0296164 0.00849871 0.0239528 0.00822674 0.0129621 0.00818405 0.00920159 0.840597 0.0126547 0.0198285 0.00878317 0.00747432 0.00858866 0.00751128 0.00600779 0.00380867 0.00384812 0.00363968 0.00634654 0.00357185 0.00355014 0 0.00354073 0.00354234 0.00360508 0.00633565 0.0146368 0.00787086 0.844033 0.00878619 0.00939335 0.00861906 0.0120406 0.0123866 0.0185225 0.0194769 0.0148612 0.0287707 0.00903519 0.00903202 0.0140602 0.015139 0.0461212 0.0127161 0.0204871 0.0122193 0.00980695 0.00948026 0.00893877 0.00964243 0.0113869 0.0346922 0.0143387 0.0251069 0.0237139 0.0258864 0.01224 0.0102529 0.00867805 0.00846564 0.00862724 
0.0089118 0.00856745 0.00875505 0.00912276 0.00981735 0.0134269 0.0201044 0.01407 0.0269075 0.0176598 0.0112681 0.00923432 0.00911537 0.00891321 0.0114206 0.0110425 0.0280302 0.0102868 0.0202913 0.0087062 0.0124007 0.00876579 0.00887271 0.640331 0.0281305 0.0177667 0.0079098 0.00975541 0.00900476 0.00922697 0.00759333 0.00645212 0.00440495 0.00372882 0.00659756 0.00376861 0.00355201 0.00355539 0.00354073 0 0.00358441 0.00354299 0.00739059 0.00816343 0.888066 0.0105195 0.0082465 0.0088219 0.0114592 0.0115961 0.0141716 0.0166009 0.0199734 0.0325326 0.00979082 0.00969088 0.0100094 0.011695 0.0476436 0.0169061 0.0213152 0.0154666 0.0160219 0.0114839 0.00880327 0.0093706 0.00941895 0.0257709 0.0145795 0.0219037 0.0191311 0.0317803 0.028059 0.0133002 0.00960907 0.00962487 0.00855304 0.00861977 
0.00903154 0.00917785 0.00841337 0.00877119 0.010036 0.00981476 0.0102812 0.0136244 0.0115691 0.0129627 0.0130136 0.00912317 0.00891851 0.00970956 0.00916138 0.0103494 0.00983963 0.0104425 0.00902773 0.00957442 0.0087834 0.010049 0.015448 0.0350388 0.0260928 0.00831701 0.00933018 0.00794883 0.00757274 0.00796969 0.00865591 0.00681162 0.00448481 0.00567827 0.00369077 0.00371306 0.00354081 0.00357156 0.00354234 0.00358441 0 0.00359861 0.00848414 0.911848 0.00793692 0.00818505 0.00635705 0.0110489 0.01039 0.00873222 0.0100117 0.0151932 0.0235874 0.0114879 0.0133571 0.00892143 0.00918911 0.0240837 0.0123326 0.0135765 0.0119913 0.0128655 0.0110628 0.0110935 0.00920441 0.00864874 0.0133625 0.00945203 0.0124951 0.0107304 0.012947 0.0164079 0.0141664 0.0185885 0.00986354 0.00943124 0.00935529 0.00827137 
0.0148588 0.00877396 0.00902067 0.0142691 0.00889183 0.00933284 0.00963205 0.00966561 0.00944807 0.00953622 0.00989116 0.0101401 0.0174734 0.00884436 0.00978828 0.00925947 0.0102041 0.00949722 0.00900923 0.0103277 0.00857316 0.0153528 0.0107355 0.0332162 0.00917953 0.00794589 0.00790639 0.00734272 0.00767903 0.00758337 0.00821363 0.00732219 0.0128485 0.00431259 0.00384836 0.00360793 0.00363218 0.00357181 0.00360508 0.00354299 0.00359861 0 0.894568 0.00851487 0.00624651 0.00605835 0.00710486 0.0162925 0.00798037 0.00788686 0.010522 0.028364 0.0111865 0.00869045 0.0107973 0.00900741 0.0202076 0.0104076 0.00934023 0.0100495 0.0100612 0.0100853 0.00886318 0.00921292 0.0108852 0.0215433 0.00970528 0.00918662 0.00927699 0.00960837 0.0108488 0.00983051 0.0101028 0.0105348 0.012959 0.017376 0.00889193 0.00871761 
0.00985411 0.00902151 0.0127788 0.0102134 0.00886653 0.00961016 0.0107363 0.0110215 0.0184742 0.011304 0.0118976 0.021034 0.0112474 0.00944546 0.00971336 0.0111308 0.0122033 0.0110654 0.0132352 0.00903263 0.0124959 0.00899348 0.0345813 0.0208662 0.00967647 0.0103995 0.00879473 0.0102434 0.00958875 0.0105277 0.010381 0.0160528 0.00890038 0.00733561 0.00687252 0.00780072 0.00629498 0.0148742 0.00633565 0.00739059 0.00848414 0.894568 0 0.00364428 0.00364537 0.00358567 0.00400395 0.00543286 0.00718476 0.00685653 0.30758 0.0480853 0.0152619 0.0114327 0.00885819 0.0366228 0.0156709 0.0127565 0.0125331 0.0103166 0.0136403 0.0107437 0.0118311 0.0115997 0.0175305 0.0119599 0.0103025 0.0105444 0.00982018 0.0132507 0.0129109 0.0159314 0.0132248 0.0137994 0.0255957 0.0119557 0.00887747 0.0130842 
0.00849179 0.00999702 0.00888414 0.00917624 0.0115543 0.0123419 0.0134612 0.0336993 0.0153563 0.0304845 0.0199524 0.00978233 0.00903872 0.0101927 0.0127419 0.0175263 0.0143731 0.0355741 0.00964127 0.0329281 0.00882705 0.0268524 0.00880716 0.0106273 0.0261309 0.00929081 0.0171616 0.0106618 0.0135591 0.0175787 0.0195067 0.00989919 0.00783586 0.00784162 0.0081837 0.00707071 0.00984323 0.00653052 0.0146368 0.00816343 0.911848 0.00851487 0.00364428 0 0.00354496 0.00362344 0.00357219 0.00564547 0.00656173 0.418306 0.029565 0.024377 0.0168972 0.00810642 0.0240759 0.00761602 0.00975414 0.0228568 0.0140054 0.0308214 0.0132217 0.0204319 0.012461 0.0189823 0.0106164 0.00954378 0.012488 0.0122061 0.025758 0.0152432 0.0296147 0.0307778 0.0311286 0.0251772 0.0125495 0.00955243 0.0140386 0.00900471 
0.00913802 0.00855446 0.00902971 0.00978486 0.0108589 0.0167369 0.0255391 0.017362 0.0406916 0.0284732 0.0130188 0.00955098 0.00994754 0.0103576 0.0146215 0.0177505 0.036757 0.0109881 0.0542862 0.00885767 0.0425634 0.00862594 0.0111897 0.0129197 0.00898189 0.0371185 0.00939627 0.0189157 0.0146258 0.0188523 0.0116561 0.00909433 0.00825098 0.00844257 0.00769628 0.0159819 0.0065754 0.0103443 0.00787086 0.888066 0.00793692 0.00624651 0.00364537 0.00354496 0 0.00353804 0.00355232 0.00431021 0.435906 0.0263937 0.0256579 0.01484 0.0116196 0.0208939 0.00763335 0.00951461 0.0095597 0.012194 0.0334359 0.0200894 0.0281418 0.0131981 0.0264064 0.0125112 0.00900152 0.00902456 0.011099 0.0272482 0.0154012 0.0539848 0.0231844 0.0563528 0.0539786 0.0230505 0.0101181 0.0122811 0.00876628 0.00900423 
0.00937311 0.00906458 0.0083166 0.00934434 0.011025 0.00957006 0.0102834 0.0197366 0.0123198 0.0172771 0.0148421 0.00927678 0.00893398 0.0112418 0.0104716 0.0115606 0.0106975 0.0231559 0.00910636 0.0239484 0.00855215 0.0197364 0.00850117 0.00942786 0.0255416 0.00886233 0.0158015 0.00938224 0.0127174 0.0119571 0.02272 0.00959776 0.00925617 0.00926548 0.00955145 0.00698203 0.00891112 0.00875855 0.844033 0.0105195 0.00818505 0.00605835 0.00358567 0.00362344 0.00353804 0 0.00357803 0.324024 0.0132043 0.0225834 0.00779202 0.00924792 0.0193709 0.00662039 0.0133916 0.00645021 0.00874015 0.0260866 0.0138111 0.0138486 0.0114408 0.0173766 0.011751 0.0124839 0.0121668 0.0103014 0.012192 0.0116036 0.0260961 0.0106167 0.022198 0.022368 0.0234445 0.019428 0.0134394 0.0105451 0.0111677 0.00907662 
0.0124531 0.00833026 0.00897629 0.0119084 0.00842606 0.00888314 0.00961959 0.00910291 0.0102833 0.0091196 0.00970615 0.0104795 0.0223667 0.00863249 0.00865387 0.00917112 0.00983229 0.00862024 0.0119667 0.00843653 0.0109401 0.00853061 0.0151903 0.0308351 0.00877501 0.0125598 0.00845389 0.00976041 0.00875552 0.00969649 0.00958563 0.0118213 0.0181756 0.00887998 0.00754831 0.00936184 0.00782615 0.690922 0.00878619 0.0082465 0.00635705 0.00710486 0.00400395 0.00357219 0.00355232 0.00357803 0 0.0268276 0.0258301 0.00416336 0.00995372 0.0107207 0.0065486 0.00710857 0.00627668 0.00894975 0.0155709 0.00984731 0.00929884 0.00938568 0.0107906 0.00902269 0.00906212 0.00938702 0.0107858 0.0145475 0.00977087 0.00919164 0.0089894 0.0107273 0.0101762 0.0114396 0.0100699 0.0128806 0.0127344 0.0279115 0.00854593 0.00927688 
0.00907436 0.0086276 0.0108371 0.00872007 0.00858789 0.00876504 0.00937946 0.010376 0.0107451 0.0106261 0.0105169 0.0171833 0.00939176 0.00880509 0.0090965 0.00945152 0.00968539 0.0116077 0.00896659 0.0105814 0.00881475 0.0106744 0.0146641 0.0132602 0.0112563 0.0090206 0.00998821 0.00915788 0.00956268 0.0100228 0.0103542 0.0186334 0.0099759 0.00847706 0.00920115 0.00853552 0.014999 0.00867487 0.00939335 0.0088219 0.0110489 0.0162925 0.00543286 0.00564547 0.00431021 0.324024 0.0268276 0 0.00361562 0.00354426 0.00356096 0.00364798 0.00372318 0.00389928 0.00435933 0.00544357 0.00887737 0.00864003 0.00939836 0.00934304 0.00903414 0.0110522 0.0106878 0.0216901 0.264151 0.0126636 0.00939945 0.00925443 0.00982373 0.00964964 0.0109492 0.0104854 0.0141344 0.0110344 0.0305535 0.0100065 0.00906555 0.0148403 
