1OJ9A
NKCDVVVVGGGISGMAAAKLLHDSGLNVVVLEARDRVGGRTYTLRNQKVKYVDLGGSYVGPTQNRILRLAKELGLETYKVNEVERLIHHVKGKSYPFRGPFPPVWNPITYLDHNNFWRTMDDMGREIPSDAPWKAPLAEEWDNMTMKELLDKLCWTESAKQLATLFVNLCVTAETHEVSALWFLWYVKQCGGTTRIISTTNGGQERKFVGGSGQVSERIMDLLGDRVKLERPVIYIDQTRENVLVETLNHEMYEAKYVISAIPPTLGMKIHFNPPLPMMRNQMITRVPLGSVIKCIVYYKEPFWRKKDYCGTMIIDGEEAPVAYTLDDTKPEGNYAAIMGFILAHKARKLARLTKEERLKKLCELYAKVLGSLEALEPVHYEEKNWCEEQYSGGCYTTYFPPGILTQYGRVLRQPVDRIYFAGTETATHWSGYMEGAVEAGERAAREILHAMGKIPEDEIWQSEPESVDVPAQPITTTFLERHLPSVPGLLRLIGLTTI
CECCEEEECCEHHHHHHHHHHHHCCCCEEEECCCCCCECCCCEECCCCCCCEECCCCEECCCCHHHHHHHHHCCCCEEECCCCCEEEEEECCEEEEECCCCCCCCCHHHHHHHHHHHHHHHHHHCCCCCCCHHHCCCHHHHHCCEHHHHHHHHCCCHHHHHHHHHHHHHHHCCCCCCCEHHHHHHHHHCCCCHHHHHCCCCCCCCEEECCCCHHHHHHHHHHHHHHEECCCCEEEEECCCCCEEEEECCCCEEEECEEEECCCHHHHHHCEEECCCCHHHHHHCCCCCECCEEEEEEECCCCHHHHHCEEEEEEECCCCCCCCEEEECCCCCCCCCEEEEEEECHHHHHHCCCCHHHHHHHHHHHHHHHHCCHHHHCCCEEEEEEHHHCCCCCCCCCECCCCCHHHHHHHHCCCCECCEEECCHHHCCCCCCCHHHHHHHHHHHHHHHHHHCCCCCHHHCCCCCCCCCCCCCCCCCCCHHHHHCCCHHHHHHHHHHHCC
0 0 0 0 0 0 0 0 0 0 0 0 0 0 0 0 0 0 0 0 0 0 0 0 0 0 0 0 0 0 0 0 0 0 0 0 0 0 0 0 0 0 0 0 0 0 0 0 0 0 0 0 0 0 0 0 0 0 0 0 0 0 0 0 0 0 0 0 0 0 0 0 0 0 0 0 0 0 0 0 0 0 0 0 0 0 0 0 0 0 0 0 0 0 0 0 0 0 0 0 0 0 0 0 0 0 0 0 0 0 0 0 0 0 0 0 0 0 0 0 0 0 0 0 0 0 0 0 0 0 0 0 0 0 0 0 0 0 0 0 0 0 0 0 0 0 0 0 0 0 0 0 0 0 0 0 0 0 0 0 0 0 0 0 0 0 0 0 0 0 0 0 0 0 0 0 0 0 0 0 0 0 0 0 0 0 0 0 0 0 0 0 0 0 0 0 0 0 0 0 0 0 0 0 0 0 0 0 0 0 0 0 0 0 0 0 0 0 0 0 0 0 0 0 0 0 0 0 0 0 0 0 0 0 0 0 0 0 0 0 0 0 0 0 0 0 0 0 0 0 0 0 0 0 0 0 0 0 0 0 0 0 0 0 0 0 0 0 0 0 0 0 0 0 0 0 0 0 0 0 0 0 0 0 0 0 0 0 0 0 0 0 0 0 0 0 0 0 0 0 0 0 0 0 0 0 0 0 0 0 0 0 0 0 0 0 0 0 0 0 0 0 0 0 0 0 0 0 0 0 0 0 0 0 0 0 0 0 0 0 0 0 0 0 0 0 0 0 0 0 0 0 0 0 0 0 0 0 0 0 0 0 0 0 0 0 0 0 0 0 0 0 0 0 0 0 0 0 0 0 0 0 0 0 0 0 0 0 0 0 0 0 0 0 0 0 0 0 0 0 0 0 0 0 0 0 0 0 0 0 0 0 0 0 0 0 0 0 0 0 0 0 0 0 0 0 0 0 0 0 0 0 0 0 0 0 0 0 0 0 0 0 0 0 0 0 0 0 0 0 0 0 0 0 0 0 0 0 0 0 0 0 0 0 0 0 0 0 0 0 0 0 0 0 0 0 0 0 0 0 0 0 0 0 0 0 0 0 0 0 0 0 0 0 0 0 0 0 0 
0 0 0 0 0 0 0 0 0 0 0 0 0 0 0 0 0 0 0 0 0 0 0 0 0 0 0 0 0 0 0 0 0 0 0 0 0 0 0 0 0 0 0 0 0 0 0 0 0 0 0 0 0 0 0 0 0 0 0 0 0 0 0 0 0 0 0 0 0 0 0 0 0 0 0 0 0 0 0 0 0 0 0 0 0 0 0 0 0 0 0 0 0 0 0 0 0 0 0 0 0 0 0 0 0 0 0 0 0 0 0 0 0 0 0 0 0 0 0 0 0 0 0 0 0 0 0 0 0 0 0 0 0 0 0 0 0 0 0 0 0 0 0 0 0 0 0 0 0 0 0 0 0 0 0 0 0 0 0 0 0 0 0 0 0 0 0 0 0 0 0 0 0 0 0 0 0 0 0 0 0 0 0 0 0 0 0 0 0 0 0 0 0 0 0 0 0 0 0 0 0 0 0 0 0 0 0 0 0 0 0 0 0 0 0 0 0 0 0 0 0 0 0 0 0 0 0 0 0 0 0 0 0 0 0 0 0 0 0 0 0 0 0 0 0 0 0 0 0 0 0 0 0 0 0 0 0 0 0 0 0 0 0 0 0 0 0 0 0 0 0 0 0 0 0 0 0 0 0 0 0 0 0 0 0 0 0 0 0 0 0 0 0 0 0 0 0 0 0 0 0 0 0 0 0 0 0 0 0 0 0 0 0 0 0 0 0 0 0 0 0 0 0 0 0 0 0 0 0 0 0 0 0 0 0 0 0 0 0 0 0 0 0 0 0 0 0 0 0 0 0 0 0 0 0 0 0 0 0 0 0 0 0 0 0 0 0 0 0 0 0 0 0 0 0 0 0 0 0 0 0 0 0 0 0 0 0 0 0 0 0 0 0 0 0 0 0 0 0 0 0 0 0 0 0 0 0 0 0 0 0 0 0 0 0 0 0 0 0 0 0 0 0 0 0 0 0 0 0 0 0 0 0 0 0 0 0 0 0 0 0 0 0 0 0 0 0 0 0 0 0 0 0 0 0 0 0 0 0 0 0 0 0 0 0 0 0 0 0 0 0 0 0 0 0 0 0 0 0 0 0 0 0 0 0 0 0 0 0 0 0 0 0 0 0 0 0 0 0 
0 0.0249477 0.00527675 0.00528318 0.0119871 0.0476578 0.0238887 0.0164886 0.0137611 0.018668 0.0871409 0.0235646 0.0153647 0.0186559 0.0127629 0.0155739 0.0120008 0.011211 0.00846743 0.0109204 0.0126408 0.00856562 0.00826385 0.00829442 0.00872249 0.00923112 0.010295 0.00830214 0.00792373 0.00808045 0.00896151 0.0112714 0.0113104 0.00870731 0.00797739 0.00827282 0.00833378 0.00823866 0.0089246 0.00814575 0.00814793 0.00812693 0.00837367 0.00906897 0.00827193 0.00819145 0.00813329 0.00853979 0.00894152 0.00820592 0.00813871 0.00845506 0.00858446 0.0083259 0.00820139 0.00863414 0.00922625 0.00823108 0.00839027 0.00989725 0.00902462 0.00832938 0.00829855 0.00830982 0.00825696 0.00829319 0.00901927 0.0092085 0.00826317 0.00821796 0.00826013 0.00836417 0.00853446 0.00901349 0.00944657 0.00847249 0.00847372 0.00902902 0.00954593 0.00869176 0.00851701 0.00845729 0.00851269 0.00910037 0.00963204 0.011717 0.00965602 0.0095741 0.00941541 0.00933651 0.0105535 0.0166637 0.0208204 0.016436 0.0144811 0.0152574 
0.0249477 0 0.00381531 0.00371316 0.00407322 0.00603375 0.668379 0.0436661 0.0364776 0.0421205 0.0183023 0.0209766 0.0241722 0.0247052 0.0200124 0.0241008 0.0226433 0.0126874 0.0100262 0.0133509 0.0182664 0.0137052 0.0147251 0.0138644 0.0130143 0.0141241 0.00911848 0.00868096 0.0086101 0.00883878 0.0120603 0.00913186 0.00937467 0.00882367 0.00824827 0.00887629 0.00846395 0.00821747 0.00866591 0.00850821 0.00889526 0.00857612 0.00841553 0.00906067 0.00841845 0.00878885 0.00850398 0.0089255 0.00839966 0.00833001 0.00828409 0.00866146 0.00949621 0.00879542 0.00868376 0.009339 0.00865296 0.00837655 0.00840574 0.00894767 0.0085611 0.00855277 0.00900467 0.00920274 0.00873827 0.00863929 0.00911425 0.00879022 0.00834583 0.0084026 0.00845412 0.00877195 0.0089512 0.00929549 0.00899831 0.00883309 0.00887499 0.00911192 0.00890359 0.00912277 0.00910248 0.0090783 0.00893373 0.00906706 0.00993298 0.00919667 0.00936488 0.00930633 0.00925417 0.00874466 0.00941977 0.0126718 0.0137378 0.0130835 0.0126048 0.0153075 
0.00527675 0.00381531 0 0.00380251 0.00368172 0.00444264 0.0799242 0.795146 0.0703344 0.0304535 0.0132653 0.0184854 0.0139815 0.0208142 0.0160419 0.0168811 0.0128787 0.0110952 0.0155781 0.0102135 0.0123127 0.0352785 0.0335053 0.0433641 0.0216536 0.0102005 0.00892918 0.00985958 0.0137745 0.0112758 0.00969602 0.00825494 0.00845911 0.00841918 0.00907115 0.00850522 0.0085312 0.00811726 0.00842937 0.0089262 0.00988124 0.00902811 0.00845694 0.00839539 0.00886852 0.00950136 0.00892493 0.00858423 0.00822591 0.0085238 0.00866733 0.00846891 0.0085745 0.00958566 0.00940936 0.00926009 0.00856442 0.00855735 0.00834868 0.00871287 0.00867333 0.0091125 0.00936549 0.00979584 0.00968197 0.00952132 0.00890292 0.00854788 0.00884792 0.00895123 0.00918521 0.00937988 0.00953852 0.00902339 0.00909425 0.00960549 0.00929703 0.00894994 0.00917992 0.0101091 0.0100181 0.00992891 0.0100611 0.00983123 0.00929248 0.00919302 0.0101842 0.0104443 0.0102287 0.00931955 0.00919462 0.0114134 0.0115699 0.0122535 0.0134617 0.0139959 
0.00528318 0.00371316 0.00380251 0 0.00385601 0.00386912 0.0389433 0.0876396 0.745648 0.048531 0.0223807 0.0154862 0.0130168 0.0193877 0.0236912 0.0150388 0.0175863 0.00970058 0.0136602 0.0110279 0.0102275 0.0199671 0.0336344 0.0334833 0.0392316 0.00991791 0.00876703 0.00929808 0.00991214 0.0110878 0.00887924 0.00863693 0.00829828 0.00852697 0.00850964 0.00835083 0.008309 0.00809315 0.00851187 0.00894342 0.00980361 0.00909858 0.00831524 0.00854218 0.00894458 0.00952185 0.00898445 0.00834395 0.00827449 0.00845296 0.00856169 0.00844635 0.00859307 0.00928806 0.00951371 0.00897004 0.00846483 0.0085748 0.00821029 0.00888237 0.00882455 0.00902394 0.0093239 0.0096237 0.00966048 0.0096225 0.00891954 0.00857429 0.00876199 0.00892135 0.00903671 0.00924786 0.00956615 0.0089901 0.00906953 0.00935355 0.00925411 0.00893455 0.00922162 0.00981195 0.00978064 0.00975965 0.00992405 0.00979604 0.00916971 0.00925624 0.0101249 0.0102797 0.0100829 0.00918892 0.00897297 0.0111618 0.0114061 0.0126539 0.0128948 0.012823 
0.0119871 0.00407322 0.00368172 0.00385601 0 0.0133412 0.0351087 0.0279076 0.0753209 0.613685 0.0256557 0.0233566 0.0179366 0.0226168 0.0322829 0.0176089 0.0257591 0.0130159 0.00977501 0.0136585 0.0137323 0.0107166 0.0113992 0.0164284 0.0147034 0.0157483 0.010498 0.00883981 0.00872515 0.00883067 0.0117975 0.00928145 0.00867111 0.00853273 0.00823277 0.00849612 0.00844375 0.00811551 0.00890134 0.00850418 0.00916911 0.00835568 0.008348 0.00891806 0.00860444 0.0089253 0.00834839 0.00838013 0.00840179 0.00827297 0.00820934 0.00845735 0.00852625 0.00883504 0.00880849 0.00897761 0.00857205 0.00831464 0.00813341 0.010078 0.00919909 0.00868158 0.00873414 0.00871467 0.0086923 0.00882592 0.00873463 0.00865207 0.00849767 0.00838986 0.0084967 0.00868095 0.0088715 0.00894621 0.00963613 0.00897412 0.0088035 0.00887747 0.00930667 0.00927739 0.00908802 0.0089491 0.00899749 0.00914706 0.00920643 0.00944049 0.0094524 0.00939375 0.00924147 0.00872122 0.00906643 0.0123182 0.0140509 0.0137217 0.0118482 0.0142857 
0.0476578 0.00603375 0.00444264 0.00386912 0.0133412 0 0.0121126 0.012802 0.0152103 0.0243754 0.253338 0.0361846 0.0171368 0.0236243 0.0172682 0.0215174 0.0166081 0.010614 0.00879204 0.0116795 0.0113816 0.00848349 0.00840321 0.00856416 0.00896846 0.00949596 0.0098426 0.00805226 0.00792235 0.00825915 0.00922073 0.0234567 0.0121158 0.00819712 0.00799359 0.00816862 0.00823668 0.00834277 0.00846191 0.00804808 0.00807405 0.00808822 0.00851222 0.00842977 0.00818095 0.0080892 0.00817095 0.00861422 0.00832131 0.00806093 0.00804871 0.00821075 0.00826981 0.0082129 0.0082495 0.00890287 0.00907814 0.0080891 0.0083387 0.00987558 0.00878058 0.00828026 0.00832907 0.00831434 0.00829657 0.0083589 0.00931816 0.00907865 0.00836189 0.00822087 0.00823363 0.00833034 0.00857757 0.00916637 0.00955392 0.00867165 0.00851639 0.00938729 0.00941643 0.00866109 0.00850668 0.00854483 0.00847673 0.00880061 0.0102462 0.0117905 0.00912771 0.00892916 0.0088572 0.00930665 0.0120516 0.0172506 0.0185835 0.0148792 0.012942 0.0135526 
0.0238887 0.668379 0.0799242 0.0389433 0.0351087 0.0121126 0 0.00398676 0.00366534 0.00442666 0.0111747 0.0126293 0.0385026 0.0278599 0.0163167 0.0174076 0.0211994 0.0127637 0.013811 0.0133368 0.0172512 0.015077 0.0115701 0.0117877 0.0102878 0.0180523 0.00978686 0.00950395 0.00857052 0.00869575 0.0152512 0.00898224 0.00918261 0.00895714 0.00814016 0.00874618 0.00872107 0.00823437 0.00875225 0.00844446 0.00856249 0.00841736 0.00821518 0.00933231 0.00830794 0.00846736 0.00835103 0.00848136 0.00825871 0.00834257 0.00821003 0.00869197 0.00925344 0.00860026 0.00834401 0.00863225 0.00848963 0.00826384 0.00823821 0.00875458 0.00843457 0.00838376 0.0086023 0.00872592 0.0084075 0.00837987 0.00858763 0.00877443 0.00828748 0.00824229 0.00831106 0.00852404 0.00847737 0.00865666 0.00877172 0.00847101 0.00845033 0.00845911 0.00868298 0.00862429 0.00856575 0.00856206 0.00852778 0.00853507 0.00890349 0.00883151 0.0089218 0.00871177 0.00868484 0.00844593 0.00880228 0.0115269 0.0129489 0.0111258 0.0106069 0.012741 
0.0164886 0.0436661 0.795146 0.0876396 0.0279076 0.012802 0.00398676 0 0.00373541 0.00361344 0.00871048 0.0250992 0.0168122 0.0292509 0.0149057 0.0263516 0.0115372 0.0122618 0.0194257 0.0112334 0.0125085 0.0257818 0.0278866 0.0298049 0.0176966 0.0101517 0.00886434 0.00947802 0.0103573 0.0114801 0.00912893 0.00877922 0.00849363 0.008221 0.0085181 0.00833382 0.00818326 0.0080896 0.00833013 0.00857376 0.0089992 0.00859392 0.0083026 0.00822897 0.00850111 0.00879435 0.00851415 0.00833388 0.00809129 0.00831302 0.00834143 0.00827099 0.00829756 0.00876986 0.00878241 0.00875101 0.00828438 0.00833448 0.00824482 0.00834659 0.00838385 0.00856841 0.00886877 0.0088473 0.00894649 0.00874141 0.00848403 0.00821247 0.00846398 0.0085359 0.00855145 0.00874762 0.00895777 0.00862085 0.00858967 0.00887051 0.00874015 0.00854988 0.00858898 0.00930009 0.00895703 0.00891164 0.00896631 0.0090425 0.00878541 0.00858814 0.00915419 0.00926743 0.00913037 0.00856556 0.00865521 0.00953924 0.00952399 0.0099835 0.0108974 0.0110815 
0.0137611 0.0364776 0.0703344 0.745648 0.0753209 0.0152103 0.00366534 0.00373541 0 0.00402579 0.0163165 0.0209505 0.0198292 0.0199329 0.0344505 0.0166537 0.0213507 0.0104366 0.0174448 0.0128887 0.0112796 0.0219563 0.0355943 0.0313111 0.0399984 0.0104764 0.00905254 0.00946888 0.0101508 0.012124 0.00930171 0.00861861 0.00840414 0.00849582 0.00852338 0.00835911 0.00813166 0.00807696 0.00841823 0.00868374 0.00922492 0.00879343 0.00818051 0.00840966 0.0087337 0.00910632 0.00861867 0.00817321 0.00817077 0.00839519 0.00829214 0.00829352 0.00838578 0.0090175 0.00910695 0.00858406 0.00835247 0.00835642 0.00808173 0.00842155 0.00846249 0.00861624 0.008975 0.00908314 0.00944023 0.00902752 0.00847536 0.00850013 0.00853171 0.00865108 0.00873533 0.00894551 0.00913334 0.00859862 0.00881006 0.00904964 0.00883266 0.00859543 0.00892585 0.00935527 0.00927736 0.00919153 0.00928425 0.00920708 0.00877492 0.00873079 0.00941764 0.00954149 0.00942975 0.00875117 0.00868443 0.00966819 0.00999668 0.0106171 0.0109447 0.0109841 
0.018668 0.0421205 0.0304535 0.048531 0.613685 0.0243754 0.00442666 0.00361344 0.00402579 0 0.0358277 0.0212605 0.0320438 0.0333638 0.0386766 0.0212271 0.0366967 0.0158471 0.0108175 0.0148826 0.0161128 0.0112487 0.0115998 0.01428 0.0136894 0.0221648 0.0110915 0.00931766 0.00879198 0.0091592 0.0122753 0.0106751 0.00924247 0.00874702 0.00815467 0.00850573 0.00854124 0.00813787 0.00897288 0.00838741 0.00858774 0.00825959 0.00828471 0.00879442 0.00853591 0.00875473 0.0081602 0.00838173 0.00831943 0.00821587 0.00804632 0.00834461 0.00850198 0.00861446 0.00854991 0.00881695 0.00858619 0.00811479 0.00808857 0.00953235 0.00900753 0.00845647 0.00854882 0.00855847 0.00853226 0.00858324 0.00861984 0.00864846 0.0083357 0.00832514 0.00842478 0.00853471 0.0086885 0.00874753 0.00944652 0.00870629 0.00858005 0.00879217 0.0091729 0.00898787 0.00872965 0.00867742 0.00864047 0.00887713 0.008952 0.00917124 0.00907518 0.00893056 0.00881757 0.00852017 0.00878618 0.0112637 0.0127966 0.0118588 0.0107418 0.0116851 
0.0871409 0.0183023 0.0132653 0.0223807 0.0256557 0.253338 0.0111747 0.00871048 0.0163165 0.0358277 0 0.042826 0.0419756 0.0257521 0.027296 0.0408052 0.0303198 0.0113024 0.0101416 0.017372 0.0131251 0.00992789 0.00903488 0.00936034 0.0104135 0.0125209 0.0105988 0.00874831 0.00823821 0.00888378 0.0111135 0.0158798 0.013021 0.00829539 0.00792111 0.00852324 0.00821223 0.008215 0.00853869 0.00806019 0.00806193 0.00808161 0.00846888 0.00858913 0.00808418 0.00806155 0.00806954 0.00876866 0.00817157 0.00802935 0.00798354 0.00812641 0.00832934 0.00815086 0.008126 0.00899097 0.00871366 0.00808093 0.00817845 0.00973341 0.00861365 0.00822431 0.00823022 0.00826425 0.00816802 0.00826331 0.00892224 0.00876427 0.00822631 0.00816333 0.00821003 0.00826144 0.00842723 0.00896266 0.0090411 0.00845619 0.00842399 0.00902331 0.00871123 0.00857387 0.00838619 0.00835394 0.00836283 0.00856091 0.00960724 0.00904433 0.00870232 0.00855436 0.00846739 0.00851548 0.00932938 0.0127841 0.0129422 0.0113207 0.0105394 0.0123625 
0.0235646 0.0209766 0.0184854 0.0154862 0.0233566 0.0361846 0.0126293 0.0250992 0.0209505 0.0212605 0.042826 0 0.00484394 0.0150218 0.605743 0.0172181 0.024551 0.0126102 0.0136084 0.0174167 0.0129809 0.00997907 0.00932716 0.0092955 0.0101809 0.0116133 0.0103847 0.00899764 0.00859591 0.00967342 0.0103213 0.0116162 0.00954539 0.00827568 0.00813995 0.00814295 0.0080552 0.00835156 0.00828138 0.00822014 0.00820427 0.00813299 0.00813695 0.0083464 0.00834666 0.00815532 0.00813304 0.00815241 0.00823905 0.00815227 0.00806499 0.00805035 0.00818771 0.00852271 0.00821039 0.00827217 0.00839421 0.00805759 0.00818389 0.00843432 0.00828019 0.00824423 0.00836259 0.00834418 0.00830105 0.00826698 0.00835887 0.00821508 0.00829178 0.00818854 0.00827119 0.00830536 0.00836328 0.00836811 0.00851408 0.00841433 0.00830507 0.00838892 0.00845468 0.00868662 0.0084086 0.00838863 0.00835694 0.00833854 0.00861101 0.0086468 0.00864179 0.00842517 0.0083536 0.00836554 0.00872009 0.0105387 0.0105678 0.00992654 0.0100094 0.0102864 
0.0153647 0.0241722 0.0139815 0.0130168 0.0179366 0.0171368 0.0385026 0.0168122 0.0198292 0.0320438 0.0419756 0.00484394 0 0.70157 0.00875422 0.0200835 0.0183044 0.0124662 0.0224529 0.00932333 0.0110933 0.0112722 0.00889691 0.00888174 0.00924329 0.0117466 0.00995613 0.00939591 0.00844018 0.00836184 0.0114752 0.00919959 0.00851287 0.00812983 0.00806965 0.0081282 0.00874896 0.00800487 0.00833248 0.00811244 0.00808844 0.00798816 0.00807881 0.00862538 0.0080878 0.00807031 0.00803687 0.00816254 0.00807505 0.00806914 0.00795658 0.00830167 0.00823848 0.00811453 0.00805343 0.00815981 0.00808767 0.00800591 0.00805229 0.00854929 0.00831972 0.00824636 0.00825104 0.0083214 0.00823218 0.00821231 0.00822762 0.00835725 0.00824075 0.0081779 0.00824044 0.00827136 0.00829409 0.0083287 0.00851942 0.0083186 0.00830163 0.00838204 0.00846606 0.00845535 0.00827957 0.00827796 0.0082978 0.00837338 0.00851102 0.0087323 0.00865555 0.00842363 0.00842302 0.00832461 0.00851033 0.0102017 0.0125694 0.0107184 0.00937365 0.00980212 
0.0186559 0.0247052 0.0208142 0.0193877 0.0226168 0.0236243 0.0278599 0.0292509 0.0199329 0.0333638 0.0257521 0.0150218 0.70157 0 0.00409302 0.0166866 0.229915 0.0171658 0.0140453 0.018232 0.0128057 0.0125308 0.00966535 0.00981419 0.0118976 0.0143055 0.0100405 0.00974403 0.00862999 0.00913792 0.0134615 0.0105027 0.00934869 0.00826602 0.00821207 0.00833073 0.0080954 0.00816525 0.00831685 0.00833125 0.00832646 0.00824482 0.00816577 0.00844665 0.00819813 0.00822172 0.00818507 0.00836234 0.00808736 0.00812824 0.00806862 0.00812613 0.00841555 0.00829587 0.00822643 0.00840413 0.00829374 0.00810338 0.0080233 0.00846592 0.00818288 0.0081731 0.0083335 0.00837761 0.00829587 0.00832189 0.00833658 0.00840586 0.00821501 0.00812442 0.00822238 0.0082588 0.00837311 0.00846727 0.00829669 0.00833897 0.00832698 0.0083903 0.00834929 0.00854911 0.00841731 0.00837119 0.00831419 0.0084079 0.00863949 0.0083842 0.00856214 0.00841094 0.00837804 0.00834272 0.00849045 0.00987667 0.0101183 0.00974919 0.00958211 0.010384 
0.0127629 0.0200124 0.0160419 0.0236912 0.0322829 0.0172682 0.0163167 0.0149057 0.0344505 0.0386766 0.027296 0.605743 0.00875422 0.00409302 0 0.121882 0.00943709 0.0133959 0.0194968 0.0142507 0.0136293 0.0107041 0.00976683 0.0110722 0.014586 0.0116811 0.0101761 0.00881807 0.00856943 0.00928912 0.010182 0.0102014 0.00866412 0.00838428 0.0081819 0.00818741 0.00820639 0.00808013 0.00839985 0.00828531 0.00838625 0.00825768 0.00807689 0.00828926 0.00831126 0.00830166 0.00828015 0.00813067 0.00801201 0.0082262 0.00807194 0.00815851 0.00811472 0.00850376 0.00848589 0.00843789 0.00815347 0.00812132 0.00799118 0.00844611 0.00836952 0.00837089 0.00831472 0.0083464 0.00841665 0.00840607 0.00830099 0.00821722 0.00835332 0.0082494 0.00831287 0.00833463 0.00858507 0.00844929 0.00866762 0.00862329 0.00856567 0.00856517 0.00856298 0.0087466 0.00850009 0.00848985 0.00849618 0.0086364 0.00861823 0.00839085 0.00871113 0.00856787 0.008527 0.00845255 0.008521 0.0092005 0.00939492 0.00932909 0.00936131 0.00936099 
0.0155739 0.0241008 0.0168811 0.0150388 0.0176089 0.0215174 0.0174076 0.0263516 0.0166537 0.0212271 0.0408052 0.0172181 0.0200835 0.0166866 0.121882 0 0.00404022 0.0212558 0.0391337 0.056487 0.0154635 0.0115292 0.00971915 0.0104244 0.0149191 0.0139196 0.0105224 0.00943639 0.0089555 0.00960372 0.0123437 0.0113303 0.0094237 0.00804528 0.00815967 0.00836245 0.00797408 0.00814242 0.00820652 0.00827786 0.00834042 0.00826433 0.00822461 0.00813753 0.00810871 0.00821408 0.00817935 0.00835287 0.00796941 0.00807875 0.00808805 0.00808887 0.00817858 0.00821408 0.00824089 0.00857426 0.00809127 0.00810665 0.00807572 0.00825056 0.00809864 0.00813058 0.00828851 0.00827679 0.00828131 0.00825548 0.00842996 0.00817092 0.00816553 0.00815052 0.00820102 0.00823453 0.00836267 0.00847327 0.0083634 0.00829064 0.00828014 0.00843427 0.00833845 0.00849979 0.00830058 0.00827834 0.00826214 0.00834613 0.00858911 0.00832913 0.00837289 0.00828281 0.00827053 0.00823346 0.00841229 0.00962052 0.00936225 0.00929018 0.00937827 0.0101182 
0.0120008 0.0226433 0.0128787 0.0175863 0.0257591 0.0166081 0.0211994 0.0115372 0.0213507 0.0366967 0.0303198 0.024551 0.0183044 0.229915 0.00943709 0.00404022 0 0.0165445 0.0250315 0.0291528 0.0128743 0.0124878 0.0104544 0.0127893 0.0173397 0.013953 0.0105364 0.00920685 0.00850305 0.00948247 0.0109714 0.0108124 0.00894424 0.0083836 0.00828798 0.0082455 0.00916795 0.00809373 0.00845505 0.00832694 0.00831332 0.00832364 0.00814098 0.00829394 0.00822376 0.00820936 0.00831707 0.00814912 0.00801382 0.00810347 0.008003 0.00813734 0.00813335 0.008249 0.00836454 0.00833951 0.00838506 0.00802867 0.00800062 0.00861007 0.00833312 0.00826773 0.00829946 0.00831528 0.0082702 0.0083118 0.00822809 0.00835356 0.00828802 0.00818599 0.0082379 0.00826712 0.00849621 0.00843926 0.0085258 0.00852388 0.00846199 0.00849829 0.00845566 0.00862629 0.00839744 0.00840307 0.00837514 0.00854499 0.00862114 0.00835526 0.00859382 0.00841794 0.00840132 0.00840602 0.00851134 0.00937058 0.00984663 0.00938681 0.00923051 0.00946323 
0.011211 0.0126874 0.0110952 0.00970058 0.0130159 0.010614 0.0127637 0.0122618 0.0104366 0.0158471 0.0113024 0.0126102 0.0124662 0.0171658 0.0133959 0.0212558 0.0165445 0 0.0039744 0.00380998 0.00816508 0.00752266 0.0820845 0.0274217 0.0075853 0.0107782 0.00817592 0.00738085 0.00750031 0.00817453 0.0126373 0.0111916 0.00980388 0.00827863 0.00799841 0.00842827 0.00827479 0.00819017 0.0083599 0.00810286 0.00836239 0.00800936 0.00820487 0.00844893 0.00806182 0.00816798 0.00804295 0.00833528 0.00828036 0.00797167 0.00801494 0.00801453 0.00827803 0.00823278 0.00809013 0.00840313 0.0081757 0.00798362 0.00807811 0.00817228 0.00800776 0.00800679 0.00817513 0.00817347 0.00820075 0.00809932 0.00822613 0.0082185 0.00804511 0.0080252 0.00803919 0.0081904 0.00818493 0.00820738 0.00836966 0.00822877 0.00816574 0.00824443 0.00833485 0.00826049 0.00824669 0.00818598 0.00827739 0.00822251 0.00839844 0.00828558 0.00828619 0.00825785 0.00825624 0.00817259 0.00840552 0.00907329 0.00922568 0.00869197 0.00889216 0.00904849 
0.00846743 0.0100262 0.0155781 0.0136602 0.00977501 0.00879204 0.013811 0.0194257 0.0174448 0.0108175 0.0101416 0.0136084 0.0224529 0.0140453 0.0194968 0.0391337 0.0250315 0.0039744 0 0.00360838 0.0057589 0.117903 0.0114535 0.00627554 0.00787328 0.00650319 0.00691236 0.0102956 0.00753156 0.00881092 0.0112942 0.00950128 0.00829755 0.00803492 0.00838261 0.00827903 0.00874306 0.00814323 0.00800128 0.00837647 0.00833668 0.00840777 0.00801793 0.00814905 0.00821797 0.0083307 0.00827823 0.00807138 0.00789023 0.00818306 0.00814714 0.00817231 0.00811836 0.00829297 0.00828436 0.00810271 0.00800208 0.00812764 0.00806739 0.00804979 0.00811416 0.00823514 0.00826658 0.00835128 0.00826313 0.00831012 0.00812324 0.00811995 0.00821835 0.00819559 0.00820549 0.00829353 0.00835712 0.00819614 0.00829199 0.00832275 0.00830378 0.00826725 0.00828094 0.00840354 0.00837158 0.00835963 0.00834586 0.00835304 0.00834472 0.00825066 0.00842229 0.00835073 0.00833988 0.00832545 0.00822773 0.00863101 0.00919739 0.00883293 0.00913912 0.00875908 
0.0109204 0.0133509 0.0102135 0.0110279 0.0136585 0.0116795 0.0133368 0.0112334 0.0128887 0.0148826 0.017372 0.0174167 0.00932333 0.018232 0.0142507 0.056487 0.0291528 0.00380998 0.00360838 0 0.125609 0.00648654 0.00511014 0.0059562 0.00627023 0.00590258 0.0115377 0.00720604 0.00759324 0.00752413 0.00842117 0.0112756 0.00969792 0.00875738 0.00817487 0.00809046 0.00817633 0.0082322 0.00856639 0.00819876 0.00835869 0.00819746 0.00838415 0.00847661 0.00829489 0.00835069 0.00823047 0.00810529 0.00832352 0.00806316 0.00808742 0.00799756 0.00824645 0.00828152 0.00818924 0.00815713 0.00840213 0.00799318 0.00794327 0.00838781 0.00820936 0.00803571 0.00806753 0.00810991 0.00810877 0.00806135 0.00808043 0.00815914 0.00807044 0.0080134 0.0080355 0.00812174 0.00806597 0.00805108 0.00854371 0.00815365 0.00806106 0.00816364 0.0084735 0.00825678 0.00818499 0.00820162 0.00819708 0.00816864 0.00820522 0.00834584 0.00829506 0.00824478 0.00823149 0.00817869 0.0082281 0.00891598 0.00899855 0.00876236 0.00894556 0.00861662 
0.0126408 0.0182664 0.0123127 0.0102275 0.0137323 0.0113816 0.0172512 0.0125085 0.0112796 0.0161128 0.0131251 0.0129809 0.0110933 0.0128057 0.0136293 0.0154635 0.0128743 0.00816508 0.0057589 0.125609 0 0.00361512 0.00358377 0.00360339 0.00362829 0.00398359 0.00547404 0.00556849 0.00558338 0.00794551 0.040776 0.0631997 0.0110735 0.00848766 0.00833337 0.00925322 0.00808523 0.00830654 0.00845085 0.00822934 0.00845908 0.00824403 0.00854757 0.0084344 0.0081063 0.00819318 0.00810214 0.00881659 0.00842565 0.008022 0.00805904 0.00814911 0.00823258 0.00818108 0.00826126 0.00889122 0.00832498 0.00792607 0.00811325 0.00829203 0.00808832 0.00802126 0.00816046 0.00817582 0.00815095 0.00813055 0.0083372 0.00826445 0.00803775 0.00801527 0.00804916 0.00810491 0.00816564 0.00828583 0.00835817 0.00817624 0.00814074 0.00827237 0.00824893 0.00821393 0.0081688 0.00817397 0.00821856 0.00815806 0.00845702 0.00826172 0.00827977 0.0081894 0.00821355 0.00816795 0.00830033 0.00888525 0.00885136 0.00863522 0.00880407 0.0090319 
0.00856562 0.0137052 0.0352785 0.0199671 0.0107166 0.00848349 0.015077 0.0257818 0.0219563 0.0112487 0.00992789 0.00997907 0.0112722 0.0125308 0.0107041 0.0115292 0.0124878 0.00752266 0.117903 0.00648654 0.00361512 0 0.00354244 0.00356151 0.00358309 0.00366419 0.0041024 0.00535496 0.0061035 0.0107173 0.705656 0.00908507 0.00861431 0.00828279 0.00846986 0.00845256 0.00832919 0.00805102 0.00827565 0.00892435 0.00925791 0.00889195 0.00812983 0.00822965 0.00852071 0.00889766 0.00866382 0.00816325 0.00800362 0.00844679 0.00830925 0.00819341 0.00828604 0.00881891 0.00862619 0.00831 0.00806073 0.0082753 0.0080599 0.00802189 0.0081626 0.00842556 0.00847581 0.00865127 0.00855334 0.00834598 0.00811035 0.00814214 0.00822262 0.0082493 0.00830715 0.00841806 0.00834526 0.00822192 0.00828446 0.00836683 0.00825903 0.00822226 0.0083444 0.00847989 0.00848276 0.00841727 0.00846445 0.00836487 0.00833136 0.00824055 0.00842454 0.00842413 0.00841607 0.00833001 0.00824065 0.00837073 0.00853155 0.00861565 0.00917805 0.00873397 
0.00826385 0.0147251 0.0335053 0.0336344 0.0113992 0.00840321 0.0115701 0.0278866 0.0355943 0.0115998 0.00903488 0.00932716 0.00889691 0.00966535 0.00976683 0.00971915 0.0104544 0.0820845 0.0114535 0.00511014 0.00358377 0.00354244 0 0.00354583 0.00356265 0.00356118 0.00380591 0.00834778 0.00675503 0.894202 0.0079511 0.00890349 0.00840766 0.00843638 0.00861598 0.00852542 0.0081928 0.0081078 0.00833851 0.00930654 0.010906 0.00954494 0.00822495 0.00826588 0.00860274 0.00983765 0.00877146 0.00835285 0.00799198 0.00839531 0.00831017 0.00823974 0.00836183 0.00887741 0.00885917 0.00862326 0.00819229 0.00824977 0.0081086 0.00808316 0.00817373 0.00857724 0.00871055 0.00904185 0.00888203 0.008456 0.00817788 0.00829278 0.00825051 0.00834208 0.00851463 0.0085096 0.00849826 0.00815103 0.0082639 0.00837447 0.00834972 0.00820107 0.00827813 0.00856312 0.00857121 0.00855529 0.00853055 0.00836837 0.00828129 0.00815863 0.00840806 0.00846658 0.00842817 0.00834052 0.0082493 0.0082931 0.00834974 0.00854988 0.00923351 0.00874423 
0.00829442 0.0138644 0.0433641 0.0334833 0.0164284 0.00856416 0.0117877 0.0298049 0.0313111 0.01428 0.00936034 0.0092955 0.00888174 0.00981419 0.0110722 0.0104244 0.0127893 0.0274217 0.00627554 0.0059562 0.00360339 0.00356151 0.00354583 0 0.00355099 0.00355278 0.00379676 0.00817807 0.933091 0.0101377 0.0056666 0.00933581 0.00865414 0.00852937 0.00871983 0.00867359 0.00817874 0.00810215 0.00842665 0.0101142 0.0116982 0.00958797 0.00830636 0.00822275 0.00880807 0.0100294 0.00890148 0.0083175 0.00806388 0.00839003 0.00845216 0.00833512 0.00855352 0.00905349 0.00941804 0.00883848 0.00821695 0.00828417 0.00803977 0.00815411 0.00830064 0.0085009 0.00883221 0.00895662 0.0090501 0.00861078 0.00818368 0.00810492 0.00827864 0.008429 0.00852333 0.00861113 0.00857661 0.00817622 0.00837383 0.00840398 0.0084266 0.00820745 0.00835798 0.00858559 0.0086547 0.00859502 0.00863428 0.00846998 0.00832982 0.00822885 0.00845402 0.00848131 0.00851911 0.00836167 0.00825323 0.00830989 0.00832833 0.00856732 0.00944668 0.00890426 
0.00872249 0.0130143 0.0216536 0.0392316 0.0147034 0.00896846 0.0102878 0.0176966 0.0399984 0.0136894 0.0104135 0.0101809 0.00924329 0.0118976 0.014586 0.0149191 0.0173397 0.0075853 0.00787328 0.00627023 0.00362829 0.00358309 0.00356265 0.00355099 0 0.00354953 0.00601419 0.985282 0.00566255 0.00525385 0.0061028 0.0105872 0.00874598 0.00845325 0.0085817 0.008398 0.00829159 0.00818205 0.00829663 0.0089884 0.00910035 0.00887244 0.00821692 0.00818566 0.00868272 0.00915408 0.00858587 0.00816343 0.00801462 0.00830228 0.00834002 0.0080875 0.00818366 0.00880877 0.00874387 0.00831615 0.00816644 0.00813294 0.0080644 0.008028 0.00815561 0.0082733 0.00846555 0.00848379 0.00851386 0.00842012 0.00809966 0.00805665 0.00819811 0.00823826 0.00826751 0.00837777 0.00839065 0.00810884 0.00829086 0.00828827 0.00829067 0.00816162 0.00822572 0.00838855 0.00843232 0.00844467 0.00839394 0.00836389 0.00828632 0.00815556 0.0083691 0.00837403 0.00837414 0.00832287 0.00821381 0.00829454 0.00836954 0.00843835 0.00902926 0.00866463 
0.00923112 0.0141241 0.0102005 0.00991791 0.0157483 0.00949596 0.0180523 0.0101517 0.0104764 0.0221648 0.0125209 0.0116133 0.0117466 0.0143055 0.0116811 0.0139196 0.013953 0.0107782 0.00650319 0.00590258 0.00398359 0.00366419 0.00356118 0.00355278 0.00354953 0 0.982937 0.00406079 0.00374879 0.00363265 0.00588931 0.0102232 0.00907763 0.00913886 0.00819045 0.00839793 0.00913101 0.00810659 0.00890425 0.00850884 0.00829655 0.00826083 0.00813714 0.00856668 0.00816984 0.00824009 0.00810576 0.00826363 0.00802582 0.00806932 0.00803507 0.0082658 0.00822496 0.00812363 0.00817853 0.00833319 0.00813711 0.00802724 0.00798863 0.00859744 0.00821315 0.00809797 0.00809377 0.00813889 0.00812478 0.00804841 0.00809316 0.00822719 0.00804979 0.00802983 0.00806377 0.00807884 0.00811361 0.00810474 0.00835731 0.00813289 0.00812164 0.00814393 0.00826878 0.00821365 0.00818051 0.00823657 0.00821501 0.00815826 0.00820723 0.00824998 0.00838416 0.00833153 0.00829223 0.00824263 0.00814522 0.00873704 0.0097005 0.00886322 0.0086515 0.00855733 
0.010295 0.00911848 0.00892918 0.00876703 0.010498 0.0098426 0.00978686 0.00886434 0.00905254 0.0110915 0.0105988 0.0103847 0.00995613 0.0100405 0.0101761 0.0105224 0.0105364 0.00817592 0.00691236 0.0115377 0.00547404 0.0041024 0.00380591 0.00379676 0.00601419 0.982937 0 0.00390851 0.00355346 0.00373196 0.00384079 0.0196147 0.0105737 0.00810829 0.00799557 0.00869637 0.0080063 0.00822958 0.00814346 0.00801575 0.00819632 0.00796086 0.00821519 0.00811406 0.00793211 0.00799431 0.00791788 0.0086691 0.00831874 0.00787924 0.00788527 0.00797189 0.00806882 0.00804575 0.00794665 0.00856785 0.00826086 0.00786744 0.00804527 0.00817629 0.00799315 0.00790046 0.00804692 0.00800758 0.007985 0.00801432 0.00816893 0.0080925 0.00793249 0.00793333 0.00795624 0.00804321 0.00803729 0.00805886 0.00817167 0.00805279 0.00802438 0.00810067 0.00809281 0.00807053 0.00804343 0.0080478 0.00810776 0.00804279 0.00824079 0.00817658 0.00818641 0.0081039 0.00814265 0.00809039 0.00819115 0.00863676 0.00877234 0.00840691 0.00847031 0.00871061 
0.00830214 0.00868096 0.00985958 0.00929808 0.00883981 0.00805226 0.00950395 0.00947802 0.00946888 0.00931766 0.00874831 0.00899764 0.00939591 0.00974403 0.00881807 0.00943639 0.00920685 0.00738085 0.0102956 0.00720604 0.00556849 0.00535496 0.00834778 0.00817807 0.985282 0.00406079 0.00390851 0 0.003615 0.00359021 0.00387854 0.0102076 0.00839611 0.00798056 0.00825902 0.00824877 0.00821233 0.00806033 0.00800766 0.00828456 0.00850663 0.00824755 0.00803203 0.00794523 0.00819332 0.00825272 0.00820347 0.00811686 0.00785907 0.00800915 0.00808245 0.00798707 0.00802467 0.00822513 0.00825595 0.00812639 0.00798656 0.00806413 0.00803414 0.00799093 0.0080352 0.00819506 0.00825278 0.00822362 0.00819964 0.00812706 0.00802715 0.00814348 0.00812664 0.00805921 0.00811403 0.00819085 0.00815451 0.00806871 0.00812923 0.00820865 0.00813021 0.00810195 0.00817094 0.00826888 0.00829575 0.0082666 0.00827874 0.00818859 0.00819085 0.00818705 0.00832135 0.00830744 0.00830813 0.00823427 0.00816329 0.00833153 0.00868464 0.00839454 0.00854011 0.0084483 
0.00792373 0.0086101 0.0137745 0.00991214 0.00872515 0.00792235 0.00857052 0.0103573 0.0101508 0.00879198 0.00823821 0.00859591 0.00844018 0.00862999 0.00856943 0.0089555 0.00850305 0.00750031 0.00753156 0.00759324 0.00558338 0.0061035 0.00675503 0.933091 0.00566255 0.00374879 0.00355346 0.003615 0 0.00354736 0.00354171 0.00899212 0.00809426 0.00813409 0.00825206 0.00821034 0.00800649 0.00795837 0.00805216 0.0084202 0.00892475 0.00861969 0.00799403 0.00802917 0.00815508 0.00865989 0.00827711 0.00803629 0.00790028 0.00812556 0.00814404 0.0080022 0.00809855 0.00825054 0.00836755 0.00808848 0.00802551 0.00811257 0.00796687 0.00797697 0.008076 0.00817808 0.00836061 0.00833126 0.0082388 0.00818786 0.00803396 0.00796538 0.0081026 0.00809989 0.00812449 0.00821365 0.00815594 0.00803425 0.00814456 0.00821125 0.00812943 0.00804509 0.00817694 0.00824778 0.00833022 0.00825659 0.00827779 0.00820899 0.00809253 0.00812276 0.00830077 0.00828003 0.00827499 0.00816624 0.00813231 0.00822674 0.00825418 0.00836195 0.00857891 0.00834922 
0.00808045 0.00883878 0.0112758 0.0110878 0.00883067 0.00825915 0.00869575 0.0114801 0.012124 0.0091592 0.00888378 0.00967342 0.00836184 0.00913792 0.00928912 0.00960372 0.00948247 0.00817453 0.00881092 0.00752413 0.00794551 0.0107173 0.894202 0.0101377 0.00525385 0.00363265 0.00373196 0.00359021 0.00354736 0 0.00354482 0.0106384 0.00836192 0.00808183 0.00824414 0.00802777 0.00816467 0.00807384 0.00823241 0.00836823 0.00860778 0.00823296 0.00805436 0.00816984 0.00846762 0.00836307 0.00818977 0.00794764 0.00804805 0.00806744 0.00803429 0.00799848 0.00799885 0.00841447 0.00819085 0.00804893 0.00805232 0.00798398 0.00800781 0.00796979 0.00807465 0.00808718 0.0082166 0.00820094 0.00817715 0.00804997 0.0079687 0.00802407 0.00811008 0.00804486 0.00805544 0.00814384 0.00812335 0.00794828 0.00814135 0.00812991 0.00807826 0.00803027 0.00811023 0.00816629 0.0082035 0.00818342 0.00818894 0.00812041 0.00811709 0.00809905 0.00828507 0.00824438 0.00825603 0.00819722 0.00810678 0.00828282 0.00833505 0.00836166 0.00855027 0.00834853 
0.00896151 0.0120603 0.00969602 0.00887924 0.0117975 0.00922073 0.0152512 0.00912893 0.00930171 0.0122753 0.0111135 0.0103213 0.0114752 0.0134615 0.010182 0.0123437 0.0109714 0.0126373 0.0112942 0.00842117 0.040776 0.705656 0.0079511 0.0056666 0.0061028 0.00588931 0.00384079 0.00387854 0.00354171 0.00354482 0 0.0137646 0.0091399 0.00871165 0.00808185 0.0086508 0.0119436 0.00813322 0.00960394 0.00840702 0.00817098 0.00819897 0.00806104 0.00980728 0.00803339 0.00824037 0.00801613 0.00822005 0.00807273 0.00841307 0.00794571 0.00841454 0.00824675 0.00808994 0.00803981 0.00831055 0.00828528 0.00799465 0.0079816 0.00858556 0.0083201 0.00810747 0.00810716 0.00811769 0.00813307 0.00802821 0.00809562 0.00828498 0.0080881 0.00805457 0.00804394 0.00813494 0.00810036 0.00809007 0.00836008 0.00812074 0.00810183 0.00814533 0.00825037 0.0081986 0.00820869 0.00824026 0.0082311 0.0081369 0.0082042 0.00823499 0.00834587 0.00829183 0.00827188 0.00821923 0.0080931 0.00867593 0.00972715 0.00874798 0.0084417 0.00845654 
0.0112714 0.00913186 0.00825494 0.00863693 0.00928145 0.0234567 0.00898224 0.00877922 0.00861861 0.0106751 0.0158798 0.0116162 0.00919959 0.0105027 0.0102014 0.0113303 0.0108124 0.0111916 0.00950128 0.0112756 0.0631997 0.00908507 0.00890349 0.00933581 0.0105872 0.0102232 0.0196147 0.0102076 0.00899212 0.0106384 0.0137646 0 0.484258 0.0130071 0.0115303 0.0108948 0.0109291 0.0125318 0.011697 0.00870131 0.00885814 0.008509 0.0106135 0.00967166 0.00886425 0.00822239 0.00889572 0.0110725 0.00954536 0.00824328 0.00863409 0.00835911 0.00902003 0.00858964 0.00854515 0.0107606 0.0113999 0.00820989 0.00859813 0.0109629 0.00889727 0.0080942 0.00820458 0.00814095 0.00810746 0.00817636 0.00960057 0.00895387 0.00800821 0.00789555 0.00792737 0.00799928 0.00809493 0.00830659 0.00866511 0.00807045 0.00800379 0.00840007 0.00856437 0.00808347 0.00798325 0.00796104 0.00796608 0.00798861 0.00875548 0.00842095 0.00805747 0.00803255 0.00801469 0.00805522 0.00837268 0.0094474 0.0091778 0.00873411 0.00857109 0.00890939 
0.0113104 0.00937467 0.00845911 0.00829828 0.00867111 0.0121158 0.00918261 0.00849363 0.00840414 0.00924247 0.013021 0.00954539 0.00851287 0.00934869 0.00866412 0.0094237 0.00894424 0.00980388 0.00829755 0.00969792 0.0110735 0.00861431 0.00840766 0.00865414 0.00874598 0.00907763 0.0105737 0.00839611 0.00809426 0.00836192 0.0091399 0.484258 0 0.0226392 0.0159158 0.0364377 0.0167887 0.0170669 0.0183526 0.0115256 0.0102033 0.00975093 0.011758 0.0149508 0.0101385 0.00894493 0.00972804 0.0123827 0.0118533 0.00872914 0.00895865 0.00896346 0.0110867 0.00984092 0.00914572 0.0132692 0.0131727 0.00829112 0.00863555 0.0182513 0.0103292 0.00845627 0.00840938 0.00849029 0.00858063 0.00830209 0.00967552 0.00986349 0.00812573 0.00801026 0.00799362 0.00816037 0.00828808 0.00855124 0.00940995 0.00821628 0.00809606 0.00864876 0.00910751 0.00830731 0.00810741 0.00812085 0.00808383 0.00805771 0.00905915 0.00858068 0.00810714 0.0079992 0.00797909 0.00800453 0.00815735 0.00961095 0.00916322 0.00864904 0.00839492 0.00874033 
0.00870731 0.00882367 0.00841918 0.00852697 0.00853273 0.00819712 0.00895714 0.008221 0.00849582 0.00874702 0.00829539 0.00827568 0.00812983 0.00826602 0.00838428 0.00804528 0.0083836 0.00827863 0.00803492 0.00875738 0.00848766 0.00828279 0.00843638 0.00852937 0.00845325 0.00913886 0.00810829 0.00798056 0.00813409 0.00808183 0.00871165 0.0130071 0.0226392 0 0.00371574 0.00378413 0.0255959 0.0191859 0.0286353 0.0169052 0.0217249 0.0149379 0.0191386 0.0202568 0.0118298 0.0146726 0.0131615 0.0238041 0.0107521 0.00981309 0.00966244 0.0133205 0.0139608 0.0149359 0.0145872 0.0283415 0.0107672 0.00898543 0.0104398 0.0094185 0.00992175 0.00946243 0.00979595 0.0107824 0.00988708 0.0097366 0.0116391 0.00883712 0.00828148 0.0085145 0.00850264 0.0088263 0.00884617 0.0103219 0.00897108 0.0084013 0.00846318 0.0089802 0.00864219 0.00849803 0.00862425 0.00865655 0.0086002 0.00839669 0.00969239 0.00817149 0.00812077 0.00848854 0.00839797 0.00802933 0.00815983 0.00837786 0.00813118 0.00850952 0.00832345 0.00853527 
0.00797739 0.00824827 0.00907115 0.00850964 0.00823277 0.00799359 0.00814016 0.0085181 0.00852338 0.00815467 0.00792111 0.00813995 0.00806965 0.00821207 0.0081819 0.00815967 0.00828798 0.00799841 0.00838261 0.00817487 0.00833337 0.00846986 0.00861598 0.00871983 0.0085817 0.00819045 0.00799557 0.00825902 0.00825206 0.00824414 0.00808185 0.0115303 0.0159158 0.00371574 0 0.00368777 0.0245969 0.0273735 0.0139031 0.0375919 0.0229326 0.0468643 0.0113736 0.0111358 0.0281924 0.0110125 0.0320635 0.0108354 0.00948359 0.012427 0.0170157 0.0087903 0.00987187 0.0295669 0.0274987 0.0121244 0.0101565 0.0121294 0.00863657 0.00912473 0.00891996 0.00991633 0.00959393 0.0106425 0.0107126 0.0106479 0.00889226 0.008474 0.00873251 0.00868693 0.00870973 0.0087747 0.00982697 0.00849499 0.00848029 0.00889658 0.00888873 0.00824746 0.0084931 0.00876173 0.00895108 0.00882426 0.00860031 0.00868388 0.00822844 0.00798415 0.00828529 0.00833611 0.00830908 0.00821545 0.00806911 0.00805175 0.00796118 0.00833363 0.00855239 0.00825906 
0.00827282 0.00887629 0.00850522 0.00835083 0.00849612 0.00816862 0.00874618 0.00833382 0.00835911 0.00850573 0.00852324 0.00814295 0.0081282 0.00833073 0.00818741 0.00836245 0.0082455 0.00842827 0.00827903 0.00809046 0.00925322 0.00845256 0.00852542 0.00867359 0.008398 0.00839793 0.00869637 0.00824877 0.00821034 0.00802777 0.0086508 0.0108948 0.0364377 0.00378413 0.00368777 0 0.0265652 0.0221807 0.0297348 0.0147964 0.0246127 0.0261681 0.0335364 0.0242157 0.0103546 0.0180801 0.0113847 0.0195149 0.0121674 0.0108458 0.00903115 0.0128629 0.0179577 0.0117106 0.0155045 0.0243172 0.0126708 0.00931518 0.00850258 0.0113556 0.0122678 0.00969296 0.00957124 0.00992208 0.00958939 0.0101639 0.00965682 0.010118 0.00834789 0.0087651 0.00872857 0.00889067 0.00908981 0.0091761 0.01022 0.00857823 0.00870413 0.00869892 0.0094661 0.00875391 0.00861456 0.00858856 0.00854994 0.00858211 0.00885579 0.00838748 0.00822469 0.0081633 0.00815374 0.00807745 0.0081129 0.00826912 0.00840729 0.00854866 0.0082153 0.00822734 
