1OQWB
FTLIELMIVVAIIGILAAIAIPQYQNYVARSEGASALASVNPLKTTVEEALSRGWSVKSGTGTEDATKKEVPLGVAADANKLGTIALKPDPADGTADITLTFTMGGAGPKNKGKIITLTRTAADGLWKCTSDQDEQFIPKGCSR
CCHHHHHHHHHHHHHHHHHHHHHHHHHHHHHHHHHHHHHHCCHHHHHHHHHHHCCEEECECCCCECCCCEEECCECCCCCCCCEEEEECCCECCCCCEEEEEECCCCCCCCCCCEEEEEECCCCCCEEEEECCCHHHCCCCCEC
0 0 0 0 0 0 0 0 0 0 0 0 0 0 0 0 0 0 0 0 0 0 0 0 0 0 0 0 0 0 0 0 0 0 0 0 0 0 0 0 0 0 0 0 0 0 0 0 0 0 0 0 0 0 0 0 0 0 0 0 0 0 0 0 0 0 0 0 0 0 0 0 0 0 0 0 0 0 0 0 0 0 0 0 0 0 0 0 0 0 0 0 0 0 0 0 0 0 0 0 0 0 0 0 0 0 0 0 0 0 0 0 0 0 0 0 0 0 0 0 0 0 0 0 0 0 0 0 0 0 0 0 0 0 0 0 0 0 0 0 0 0 0 0 
0 0 0 0 0 0 0 0 0 0 0 0 0 0 0 0 0 0 0 0 0 0 0 0 0 0 0 0 0 0 0 0 0 0 0 0 0 0 0 0 0 0 0 0 0 0 0 0 0 0 0 0 0 0 0 0 0 0 0 0 0 0 0 0 0 0 0 0 0 0 0 0 0 0 0 0 0 0 0 0 0 0 0 0 0 0 0 0 0 0 0 0 0 0 0 0 0 0 0 0 0 0 0 0 0 0 0 0 0 0 0 0 0 0 0 0 0 0 0 0 0 0 0 0 0 0 0 0 0 0 0 0 0 0 0 0 0 0 0 0 0 0 0 0 
0 0.00362383 0.00405464 0.00911644 0.0112249 0.0156223 0.0105905 0.180562 0.0150219 0.0200691 0.0108579 0.0113522 0.0113421 0.0195663 0.0128588 0.0157478 0.0113423 0.0105507 0.0109139 0.0101685 0.017817 0.015458 0.00969646 0.0103868 0.00888083 0.0103463 0.0167895 0.00840648 0.00833614 0.00852134 0.00912653 0.011718 0.0101156 
0.00362383 0 0.00358302 0.00359006 0.0165069 0.00827892 0.509287 0.0106934 0.014338 0.0109052 0.0157261 0.0101074 0.0153504 0.00910304 0.0103229 0.0128141 0.0144767 0.0106414 0.00979033 0.0181133 0.00955449 0.00960227 0.0146329 0.0101015 0.0100328 0.0108913 0.00891913 0.00835576 0.00907892 0.00869078 0.0111474 0.00871899 0.00891424 
0.00405464 0.00358302 0 0.00459716 0.00876018 0.0759154 0.00768847 0.0190753 0.0101449 0.0137009 0.00962839 0.00925703 0.00928061 0.0100317 0.0112254 0.0203317 0.00939012 0.0118884 0.0105342 0.00913521 0.0104827 0.0113797 0.00942108 0.00946419 0.0115315 0.00857962 0.00972021 0.0090813 0.00836114 0.00927683 0.00856425 0.00941111 0.00901328 
0.00911644 0.00359006 0.00459716 0 0.412552 0.00909172 0.0104479 0.0116117 0.0498347 0.0129935 0.0100832 0.00857938 0.00947487 0.0118828 0.0325262 0.0196864 0.00987831 0.00903392 0.00904377 0.00888477 0.0123529 0.0120905 0.00954003 0.00879463 0.00847312 0.00849868 0.0110052 0.00939224 0.00808375 0.00813149 0.00829188 0.00933583 0.0129889 
0.0112249 0.0165069 0.00876018 0.412552 0 0.148889 0.00579102 0.00705177 0.0391785 0.0119215 0.0102142 0.00820694 0.0102128 0.0129081 0.0714101 0.0220757 0.00940357 0.00943412 0.00875905 0.00923309 0.0128795 0.0134598 0.0103798 0.0085877 0.00863061 0.00851368 0.0139789 0.00967255 0.00819171 0.00819143 0.00841999 0.0101528 0.0153989 
0.0156223 0.00827892 0.0759154 0.00909172 0.148889 0 0.00379778 0.00366283 0.00662018 0.017707 0.010858 0.0141814 0.0117448 0.0238114 0.0135327 0.0176894 0.0155078 0.01006 0.0111417 0.0096285 0.0177512 0.0277893 0.0110514 0.0115368 0.00931693 0.0102508 0.0164514 0.00948681 0.008701 0.009134 0.0091539 0.0126901 0.0112236 
0.0105905 0.509287 0.00768847 0.0104479 0.00579102 0.00379778 0 0.00374466 0.00638077 0.00960767 0.0345395 0.010583 0.0396933 0.00802073 0.0107661 0.0124532 0.0145718 0.0127464 0.00904546 0.0228652 0.00996554 0.0095811 0.0222863 0.00979652 0.0105864 0.0114613 0.00953317 0.00840031 0.0097255 0.00912295 0.0118321 0.00886396 0.00867462 
0.180562 0.0106934 0.0190753 0.0116117 0.00705177 0.00366283 0.00374466 0 0.0196754 0.036227 0.010717 0.0200763 0.0101989 0.0140629 0.0130852 0.0188967 0.0131526 0.00928124 0.0125957 0.00977575 0.0209298 0.0179754 0.00977386 0.0122153 0.00943405 0.00987879 0.00932569 0.0117959 0.00893233 0.00876186 0.00967396 0.0103873 0.0115909 
0.0150219 0.014338 0.0101449 0.0498347 0.0391785 0.00662018 0.00638077 0.0196754 0 0.0263617 0.0136551 0.00685958 0.0126356 0.00953283 0.087052 0.0244889 0.00952535 0.0102938 0.00910073 0.0112801 0.0148464 0.0165412 0.0125739 0.00897537 0.00903416 0.00898195 0.0177665 0.010899 0.00831825 0.00838277 0.00883831 0.0114837 0.0233086 
0.0200691 0.0109052 0.0137009 0.0129935 0.0119215 0.017707 0.00960767 0.036227 0.0263617 0 0.0036903 0.00366016 0.00363764 0.00579111 0.00611757 0.00928407 0.0214485 0.00847543 0.040974 0.0110768 0.465784 0.0393672 0.00984299 0.0154996 0.00859416 0.0190355 0.0135363 0.0099146 0.00940831 0.0087333 0.0119675 0.0119368 0.0124851 
0.0108579 0.0157261 0.00962839 0.0100832 0.0102142 0.010858 0.0345395 0.010717 0.0136551 0.0036903 0 0.00363214 0.00385656 0.0035899 0.00580535 0.0211747 0.00774214 0.105477 0.00883294 0.516504 0.00901877 0.00940222 0.0544164 0.00875465 0.0383618 0.0092105 0.0150021 0.009672 0.00892168 0.0159614 0.00940024 0.0119711 0.00943139 
0.0113522 0.0101074 0.00925703 0.00857938 0.00820694 0.0141814 0.010583 0.0200763 0.00685958 0.00366016 0.00363214 0 0.00354163 0.00364923 0.00408408 0.00745811 0.0516175 0.00858936 0.498162 0.00783217 0.0113039 0.014287 0.00890916 0.0727813 0.00880347 0.019834 0.00857065 0.0088683 0.0151114 0.00926539 0.0174969 0.00854425 0.00921461 
0.0113421 0.0153504 0.00928061 0.00947487 0.0102128 0.0117448 0.0396933 0.0101989 0.0126356 0.00363764 0.00385656 0.00354163 0 0.00360278 0.00503139 0.0798639 0.0106788 0.432172 0.00795078 0.0200119 0.00768289 0.010314 0.027064 0.00914504 0.0230717 0.00870333 0.0106543 0.00978328 0.00885888 0.012723 0.0091172 0.0104919 0.00920587 
0.0195663 0.00910304 0.0100317 0.0118828 0.0129081 0.0238114 0.00802073 0.0140629 0.00953283 0.00579111 0.0035899 0.00364923 0.00360278 0 0.123822 0.0103792 0.311751 0.00687249 0.0135831 0.00662564 0.0111681 0.0186252 0.00933429 0.0137814 0.00866816 0.0105307 0.00895716 0.0116939 0.00947711 0.00838456 0.00992619 0.00870928 0.0136766 
0.0128588 0.0103229 0.0112254 0.0325262 0.0714101 0.0135327 0.0107661 0.0130852 0.087052 0.00611757 0.00580535 0.00408408 0.00503139 0.123822 0 0.284525 0.0047865 0.0072 0.00511996 0.00720016 0.00675204 0.011478 0.0126033 0.00876525 0.0102355 0.00907529 0.0194104 0.0120541 0.00855032 0.0087648 0.00948089 0.0126632 0.0335617 
0.0157478 0.0128141 0.0203317 0.0196864 0.0220757 0.0176894 0.0124532 0.0188967 0.0244889 0.00928407 0.0211747 0.00745811 0.0798639 0.0103792 0.284525 0 0.00359135 0.00369299 0.00359288 0.00479062 0.00412908 0.0291899 0.0211649 0.0090797 0.0171443 0.0111914 0.853297 0.0136765 0.00894801 0.0131305 0.00956014 0.0427119 0.0145818 
0.0113423 0.0144767 0.00939012 0.00987831 0.00940357 0.0155078 0.0145718 0.0131526 0.00952535 0.0214485 0.00774214 0.0516175 0.0106788 0.311751 0.0047865 0.00359135 0 0.00356764 0.00367343 0.00387994 0.00384288 0.0182354 0.010288 0.039227 0.00927192 0.91693 0.0108522 0.00910607 0.0297929 0.00851243 0.0429303 0.00914228 0.0122363 
0.0105507 0.0106414 0.0118884 0.00903392 0.00943412 0.01006 0.0127464 0.00928124 0.0102938 0.00847543 0.105477 0.00858936 0.432172 0.00687249 0.0072 0.00369299 0.00356764 0 0.00357337 0.00359518 0.0035803 0.00838312 0.0344352 0.00923323 0.940821 0.00936589 0.0136319 0.00977884 0.00851803 0.0549985 0.00887346 0.0123653 0.00934991 
0.0109139 0.00979033 0.0105342 0.00904377 0.00875905 0.0111417 0.00904546 0.0125957 0.00910073 0.040974 0.00883294 0.498162 0.00795078 0.0135831 0.00511996 0.00359288 0.00367343 0.00357337 0 0.00356231 0.0036582 0.0185041 0.00902351 0.932865 0.00959795 0.0219798 0.00849305 0.00874093 0.0292302 0.00859665 0.0160554 0.00901533 0.0106988 
0.0101685 0.0181133 0.00913521 0.00888477 0.00923309 0.0096285 0.0228652 0.00977575 0.0112801 0.0110768 0.516504 0.00783217 0.0200119 0.00662564 0.00720016 0.00479062 0.00387994 0.00359518 0.00356231 0 0.00357326 0.00975903 0.965016 0.00995928 0.0275347 0.0101258 0.0120368 0.0108344 0.00924616 0.01435 0.0101214 0.0140174 0.00952244 
0.017817 0.00955449 0.0104827 0.0123529 0.0128795 0.0177512 0.00996554 0.0209298 0.0148464 0.465784 0.00901877 0.0113039 0.00768289 0.0111681 0.00675204 0.00412908 0.00384288 0.0035803 0.0036582 0.00357326 0 0.967666 0.00889998 0.0177091 0.00792766 0.0186789 0.00996495 0.0112746 0.0101181 0.00848725 0.0113888 0.0119239 0.0183986 
0.015458 0.00960227 0.0113797 0.0120905 0.0134598 0.0277893 0.0095811 0.0179754 0.0165412 0.0393672 0.00940222 0.014287 0.010314 0.0186252 0.011478 0.0291899 0.0182354 0.00838312 0.0185041 0.00975903 0.967666 0 0.00473128 0.00370399 0.00359859 0.00403035 0.00482688 0.00694373 0.00744834 0.00690599 0.0128404 0.0903132 0.0936131 
0.00969646 0.0146329 0.00942108 0.00954003 0.0103798 0.0110514 0.0222863 0.00977386 0.0125739 0.00984299 0.0544164 0.00890916 0.027064 0.00933429 0.0126033 0.0211649 0.010288 0.0344352 0.00902351 0.965016 0.00889998 0.00473128 0 0.00356107 0.00360548 0.00364189 0.00403754 0.00628567 0.00656597 0.011767 0.0553409 0.737108 0.00976378 
0.0103868 0.0101015 0.00946419 0.00879463 0.0085877 0.0115368 0.00979652 0.0122153 0.00897537 0.0154996 0.00875465 0.0727813 0.00914504 0.0137814 0.00876525 0.0090797 0.039227 0.00923323 0.932865 0.00995928 0.0177091 0.00370399 0.00356107 0 0.00356304 0.00364662 0.00358884 0.00627733 0.0122103 0.0161388 0.861342 0.00870784 0.0116048 
0.00888083 0.0100328 0.0115315 0.00847312 0.00863061 0.00931693 0.0105864 0.00943405 0.00903416 0.00859416 0.0383618 0.00880347 0.0230717 0.00866816 0.0102355 0.0171443 0.00927192 0.940821 0.00959795 0.0275347 0.00792766 0.00359859 0.00360548 0.00356304 0 0.00356301 0.00358927 0.0064852 0.00996915 0.901098 0.00784699 0.00883534 0.00865799 
0.0103463 0.0108913 0.00857962 0.00849868 0.00851368 0.0102508 0.0114613 0.00987879 0.00898195 0.0190355 0.0092105 0.019834 0.00870333 0.0105307 0.00907529 0.0111914 0.91693 0.00936589 0.0219798 0.0101258 0.0186789 0.00403035 0.00364189 0.00364662 0.00356301 0 0.00362124 0.0500283 0.882317 0.00682079 0.0101608 0.00647661 0.0141818 
0.0167895 0.00891913 0.00972021 0.0110052 0.0139789 0.0164514 0.00953317 0.00932569 0.0177665 0.0135363 0.0150021 0.00857065 0.0106543 0.00895716 0.0194104 0.853297 0.0108522 0.0136319 0.00849305 0.0120368 0.00996495 0.00482688 0.00403754 0.00358884 0.00358927 0.00362124 0 0.81965 0.00543683 0.00682621 0.00587723 0.0102875 0.0139505 
0.00840648 0.00835576 0.0090813 0.00939224 0.00967255 0.00948681 0.00840031 0.0117959 0.010899 0.0099146 0.009672 0.0088683 0.00978328 0.0116939 0.0120541 0.0136765 0.00910607 0.00977884 0.00874093 0.0108344 0.0112746 0.00694373 0.00628567 0.00627733 0.0064852 0.0500283 0.81965 0 0.00357326 0.00355993 0.00361299 0.00396792 0.0152452 
0.00833614 0.00907892 0.00836114 0.00808375 0.00819171 0.008701 0.0097255 0.00893233 0.00831825 0.00940831 0.00892168 0.0151114 0.00885888 0.00947711 0.00855032 0.00894801 0.0297929 0.00851803 0.0292302 0.00924616 0.0101181 0.00744834 0.00656597 0.0122103 0.00996915 0.882317 0.00543683 0.00357326 0 0.00353617 0.00358742 0.00357745 0.0108227 
0.00852134 0.00869078 0.00927683 0.00813149 0.00819143 0.009134 0.00912295 0.00876186 0.00838277 0.0087333 0.0159614 0.00926539 0.012723 0.00838456 0.0087648 0.0131305 0.00851243 0.0549985 0.00859665 0.01435 0.00848725 0.00690599 0.011767 0.0161388 0.901098 0.00682079 0.00682621 0.00355993 0.00353617 0 0.00354709 0.00356214 0.010187 
0.00912653 0.0111474 0.00856425 0.00829188 0.00841999 0.0091539 0.0118321 0.00967396 0.00883831 0.0119675 0.00940024 0.0174969 0.0091172 0.00992619 0.00948089 0.00956014 0.0429303 0.00887346 0.0160554 0.0101214 0.0113888 0.0128404 0.0553409 0.861342 0.00784699 0.0101608 0.00587723 0.00361299 0.00358742 0.00354709 0 0.00364377 0.075829 
0.011718 0.00871899 0.00941111 0.00933583 0.0101528 0.0126901 0.00886396 0.0103873 0.0114837 0.0119368 0.0119711 0.00854425 0.0104919 0.00870928 0.0126632 0.0427119 0.00914228 0.0123653 0.00901533 0.0140174 0.0119239 0.0903132 0.737108 0.00870784 0.00883534 0.00647661 0.0102875 0.00396792 0.00357745 0.00356214 0.00364377 0 0.0874566 
0.0101156 0.00891424 0.00901328 0.0129889 0.0153989 0.0112236 0.00867462 0.0115909 0.0233086 0.0124851 0.00943139 0.00921461 0.00920587 0.0136766 0.0335617 0.0145818 0.0122363 0.00934991 0.0106988 0.00952244 0.0183986 0.0936131 0.00976378 0.0116048 0.00865799 0.0141818 0.0139505 0.0152452 0.0108227 0.010187 0.075829 0.0874566 0 
