1PMOE
KQVTDLRSELLDSRFGAKSISTIAESKRFPLHEMRDDVAFQIINDELYLDGNARQNLATFCQTWDDENVHKLMDLSINKNWIDKEEYPQSAAIDLRCVNMVADLWHAPAPKNGQAVGTNTIGSSEACMLGGMAMKWRWRKRMEAAGKPTDKPNLVCGPVQICWHKFARYWDVELREIPMRPGQLFMDPKRMIEACDENTIGVVPTFGVTYTGNYEFPQPLHDALDKFQADTGIDIDMHIDAASGGFLAPFVAPDIVWDFRLPRVKSISASGHKFGLAPLGCGWVIWRDEEALPQELVFNVDYLGGQIGTFAINFSRPAGQVIAQYYEFLRLGREGYTKVQNASYQVAAYLADEIAKLGPYEFICTGRPDEGIPAVCFKLKDGEDPGYTLYDLSERLRLRGWQVPAFTLGGEATDIVVMRIMCRRGFEMDFAELLLEDYKASLKYLSDHPKLQGIAQQNSFKHT
CCCCCCCCCCEECCCCEECCCCCCCCCCCCCCCCCHHHHHHHHHHHHHHCCCCCCECCCCCCCCCCHHHHHHHHHHCCCECCCCCCCHHHHHHHHHHHHHHHHHCCCCCCCCCCCEEEEECCHHHHHHHHHHHHHHHHHHHHHHCCCCCCCCEEEECCCCHHHHHHHHHCCCEEEECCCECCECCCCHHHHHHHCCCCEEEEECEECCCCCCEECCHHHHHHHHHHHHHHHCCCCCEEEECCCHHHCHHHHCCCCCCCCCCCCEEEEEEECCCCCCCCCCCEEEEECCHHHCCHHHCEEEEECCEEEEECCCCCCCECHHHHHHHHHHHHHHHHHHHHHHHHHHHHHHHHHHHHCCCCCEEEEEECCCCCECCEEEEEECCCCCCCCCHHHHHHHHHCCCCECCEEECCHHHCCCEEEEEECCCCCCHHHHHHHHHHHHHHHHHHHHCHHHCCCCCCCCCCCC
0 0 0 0 0 0 0 0 0 0 0 0 0 0 0 0 0 0 0 0 0 0 0 0 0 0 0 0 0 0 0 0 0 0 0 0 0 0 0 0 0 0 0 0 0 0 0 0 0 0 0 0 0 0 0 0 0 0 0 0 0 0 0 0 0 0 0 0 0 0 0 0 0 0 0 0 0 0 0 0 0 0 0 0 0 0 0 0 0 0 0 0 0 0 0 0 0 0 0 0 0 0 0 0 0 0 0 0 0 0 0 0 0 0 0 0 0 0 0 0 0 0 0 0 0 0 0 0 0 0 0 0 0 0 0 0 0 0 0 0 0 0 0 0 0 0 0 0 0 0 0 0 0 0 0 0 0 0 0 0 0 0 0 0 0 0 0 0 0 0 0 0 0 0 0 0 0 0 0 0 0 0 0 0 0 0 0 0 0 0 0 0 0 0 0 0 0 0 0 0 0 0 0 0 0 0 0 0 0 0 0 0 0 0 0 0 0 0 0 0 0 0 0 0 0 0 0 0 0 0 0 0 0 0 0 0 0 0 0 0 0 0 0 0 0 0 0 0 0 0 0 0 0 0 0 0 0 0 0 0 0 0 0 0 0 0 0 0 0 0 0 0 0 0 0 0 0 0 0 0 0 0 0 0 0 0 0 0 0 0 0 0 0 0 0 0 0 0 0 0 0 0 0 0 0 0 0 0 0 0 0 0 0 0 0 0 0 0 0 0 0 0 0 0 0 0 0 0 0 0 0 0 0 0 0 0 0 0 0 0 0 0 0 0 0 0 0 0 0 0 0 0 0 0 0 0 0 0 0 0 0 0 0 0 0 0 0 0 0 0 0 0 0 0 0 0 0 0 0 0 0 0 0 0 0 0 0 0 0 0 0 0 0 0 0 0 0 0 0 0 0 0 0 0 0 0 0 0 0 0 0 0 0 0 0 0 0 0 0 0 0 0 0 0 0 0 0 0 0 0 0 0 0 0 0 0 0 0 0 0 0 0 0 0 0 0 0 0 0 0 0 0 0 0 0 0 0 0 0 0 0 0 0 
0 0 0 0 0 0 0 0 0 0 0 0 0 0 0 0 0 0 0 0 0 0 0 0 0 0 0 0 0 0 0 0 0 0 0 0 0 0 0 0 0 0 0 0 0 0 0 0 0 0 0 0 0 0 0 0 0 0 0 0 0 0 0 0 0 0 0 0 0 0 0 0 0 0 0 0 0 0 0 0 0 0 0 0 0 0 0 0 0 0 0 0 0 0 0 0 0 0 0 0 0 0 0 0 0 0 0 0 0 0 0 0 0 0 0 0 0 0 0 0 0 0 0 0 0 0 0 0 0 0 0 0 0 0 0 0 0 0 0 0 0 0 0 0 0 0 0 0 0 0 0 0 0 0 0 0 0 0 0 0 0 0 0 0 0 0 0 0 0 0 0 0 0 0 0 0 0 0 0 0 0 0 0 0 0 0 0 0 0 0 0 0 0 0 0 0 0 0 0 0 0 0 0 0 0 0 0 0 0 0 0 0 0 0 0 0 0 0 0 0 0 0 0 0 0 0 0 0 0 0 0 0 0 0 0 0 0 0 0 0 0 0 0 0 0 0 0 0 0 0 0 0 0 0 0 0 0 0 0 0 0 0 0 0 0 0 0 0 0 0 0 0 0 0 0 0 0 0 0 0 0 0 0 0 0 0 0 0 0 0 0 0 0 0 0 0 0 0 0 0 0 0 0 0 0 0 0 0 0 0 0 0 0 0 0 0 0 0 0 0 0 0 0 0 0 0 0 0 0 0 0 0 0 0 0 0 0 0 0 0 0 0 0 0 0 0 0 0 0 0 0 0 0 0 0 0 0 0 0 0 0 0 0 0 0 0 0 0 0 0 0 0 0 0 0 0 0 0 0 0 0 0 0 0 0 0 0 0 0 0 0 0 0 0 0 0 0 0 0 0 0 0 0 0 0 0 0 0 0 0 0 0 0 0 0 0 0 0 0 0 0 0 0 0 0 0 0 0 0 0 0 0 0 0 0 0 0 0 0 0 0 0 0 0 0 0 0 0 0 0 0 0 0 0 0 0 0 0 0 0 0 0 0 
0 0.00491549 0.0106704 0.488878 0.0251021 0.0129082 0.00866397 0.00827353 0.00820908 0.0082835 0.0092392 0.00873599 0.00831587 0.00821673 0.00933071 0.00830637 0.00816503 0.00805483 0.00878527 0.00863585 0.00855399 0.00823499 0.00819446 0.0082948 0.00839199 0.00840279 0.00819843 0.00835674 0.0082393 0.00830453 0.0083084 0.00845951 0.00825834 0.00848782 0.00850868 0.0084094 0.00842564 0.00839338 0.00835869 0.00842003 0.00849172 0.00829736 0.00847476 0.00845234 0.00845393 0.00887566 0.00868157 0.00851765 0.00866586 0.00827837 0.00913321 0.00840618 0.008273 0.00821549 0.00823942 0.0086758 0.00937264 0.0100358 0.00874964 0.00892172 0.0088541 0.00912811 0.0102496 0.0109816 0.00974565 0.00945979 0.00925331 0.00928987 0.00934907 0.0111624 0.0130952 0.010932 0.0107414 0.0126614 0.0130518 0.0114904 0.0109006 0.0106463 0.0111912 0.0133197 
0.00491549 0 0.639462 0.016251 0.029802 0.0137621 0.00969144 0.00848464 0.0082502 0.00842556 0.00932445 0.00948698 0.00860791 0.00861982 0.00904817 0.0086294 0.00810513 0.00819866 0.00861828 0.00847193 0.0084455 0.00847133 0.00831537 0.00832548 0.00833349 0.00833513 0.00818782 0.00863177 0.00827468 0.00823649 0.0085452 0.0082459 0.00835669 0.00850342 0.00873856 0.00838011 0.00834788 0.00830965 0.00832765 0.0084283 0.00842927 0.0083939 0.00851848 0.00847391 0.00861974 0.00866784 0.0089581 0.00854034 0.00838803 0.00833478 0.00849734 0.00850134 0.0082602 0.00824196 0.00821963 0.00855793 0.00911874 0.00998539 0.00880327 0.00871296 0.0086789 0.00903879 0.00957366 0.0105944 0.0100175 0.0094774 0.00925398 0.0092796 0.0089979 0.00992998 0.0120702 0.0113996 0.0105583 0.0114603 0.0129859 0.0111649 0.0105274 0.010403 0.0107598 0.0122809 
0.0106704 0.639462 0 0.00727031 0.0265313 0.0123608 0.00856482 0.00826921 0.00808411 0.00818444 0.00881744 0.00849931 0.00822958 0.00803076 0.00879192 0.00829931 0.00806592 0.00798472 0.00858112 0.00854445 0.00868758 0.0082313 0.00805406 0.00817089 0.0083124 0.00812298 0.00795981 0.00817073 0.00809026 0.00813198 0.00823305 0.00814563 0.00808466 0.00821176 0.00841808 0.00807953 0.00816362 0.00812394 0.00813459 0.00821288 0.00822387 0.00814372 0.00820785 0.00818932 0.00818715 0.00845708 0.00843808 0.00828438 0.00826105 0.0081751 0.00849895 0.00825791 0.0081962 0.00816163 0.00814524 0.00836769 0.00894085 0.00950482 0.00853378 0.00851475 0.00851005 0.00872683 0.00960625 0.0104804 0.00916794 0.00902192 0.00879682 0.00884817 0.00886933 0.0104613 0.0128296 0.0103382 0.010102 0.0121035 0.012291 0.0102585 0.00997248 0.0100327 0.0104179 0.0118039 
0.488878 0.016251 0.00727031 0 0.0622379 0.0119654 0.00987288 0.00826314 0.00812687 0.0082431 0.00855386 0.00947881 0.00836627 0.00822071 0.00833653 0.00909184 0.00803644 0.00809137 0.00831524 0.00890755 0.00897449 0.00867029 0.00812279 0.00810287 0.00808878 0.00809313 0.00818562 0.00825386 0.00837468 0.0081846 0.00837041 0.00813676 0.00799118 0.0081847 0.0086131 0.00814861 0.00821984 0.00814019 0.00819252 0.0080846 0.00815174 0.00836435 0.00829978 0.00823739 0.00828349 0.00834918 0.00865014 0.00837051 0.00826768 0.00828009 0.00840088 0.00866029 0.00826987 0.00823166 0.00819468 0.00838508 0.00912226 0.00982752 0.00877839 0.00853946 0.00851556 0.00861129 0.0089922 0.0107114 0.00952584 0.00908378 0.0088047 0.00875147 0.00870213 0.00941035 0.0124349 0.0110736 0.0100586 0.0111636 0.0129333 0.0102904 0.00975861 0.00975944 0.0100526 0.0112592 
0.0251021 0.029802 0.0265313 0.0622379 0 0.318667 0.0130044 0.0102075 0.00951737 0.0120308 0.0138796 0.0124926 0.00884561 0.00863698 0.0118983 0.0101456 0.00813477 0.00806228 0.0101257 0.010848 0.0109477 0.00922561 0.00823292 0.00828656 0.00837489 0.00846325 0.00912335 0.00899156 0.00902281 0.00863478 0.00898436 0.00801398 0.00802194 0.00887591 0.00934614 0.00803825 0.00799611 0.00803318 0.0080659 0.00807408 0.00843234 0.00856089 0.00807214 0.00808382 0.00802481 0.00862795 0.00920887 0.00821107 0.00821062 0.00814704 0.00853647 0.00854429 0.0081791 0.00811479 0.00804428 0.00845773 0.010023 0.00985274 0.00851117 0.00836478 0.00840965 0.00856576 0.00955512 0.0110267 0.00954346 0.00886045 0.00855406 0.0085115 0.00861954 0.00972772 0.0131559 0.0105383 0.00964608 0.0115924 0.0118209 0.00957814 0.0092379 0.00916645 0.00964284 0.01109 
0.0129082 0.0137621 0.0123608 0.0119654 0.318667 0 0.0175215 0.00929459 0.00994728 0.0131855 0.0444033 0.0128441 0.00935323 0.00880627 0.0118064 0.00966357 0.00803934 0.00802702 0.00969603 0.0101426 0.0106753 0.00921925 0.00823905 0.00820219 0.00821752 0.00820952 0.00916252 0.00835265 0.00854122 0.00818842 0.00838986 0.00796317 0.00800254 0.0084442 0.00855567 0.00796655 0.00797327 0.00801076 0.00795107 0.00795791 0.00803162 0.00812765 0.00800366 0.0079735 0.00794787 0.00818537 0.00852201 0.00796996 0.00800919 0.00793015 0.00819951 0.00812631 0.00794387 0.00793676 0.00788573 0.00814449 0.00892122 0.00878042 0.00823241 0.00824273 0.00825694 0.00820519 0.00861914 0.00938737 0.00857716 0.00831989 0.00830134 0.00828316 0.00821868 0.00881816 0.0103337 0.00902685 0.00870418 0.00949461 0.00926971 0.00853383 0.00838469 0.00835564 0.00853501 0.00927201 
0.00866397 0.00969144 0.00856482 0.00987288 0.0130044 0.0175215 0 0.00371064 0.0035726 0.00373397 0.00388868 0.062117 0.0154864 0.0108041 0.0223826 0.00901643 0.00856766 0.00882187 0.0150544 0.00908595 0.00921319 0.00886683 0.00887105 0.00921589 0.0094652 0.0103947 0.00867477 0.0094169 0.00806362 0.00855611 0.00828517 0.00815741 0.00864325 0.00881591 0.00820913 0.008033 0.00817077 0.00811722 0.00816893 0.00809228 0.00818459 0.00799569 0.00811218 0.00812691 0.0080632 0.0084378 0.00821922 0.00796903 0.00812109 0.00793662 0.00819193 0.00809814 0.00790602 0.00793773 0.00796169 0.00817383 0.00850404 0.00825814 0.00810678 0.00813849 0.00825942 0.00814563 0.00837058 0.00853905 0.00816766 0.00823469 0.00822064 0.00823613 0.00816311 0.00866393 0.00886826 0.00828502 0.00829449 0.00879248 0.00840238 0.00834667 0.00836108 0.00829594 0.00827525 0.00863814 
0.00827353 0.00848464 0.00826921 0.00826314 0.0102075 0.00929459 0.00371064 0 0.0036591 0.00359308 0.00357085 0.0613845 0.0575628 0.0253568 0.0103143 0.00906197 0.00899511 0.0102981 0.00945566 0.00811525 0.00807446 0.00846481 0.0102705 0.0172573 0.0148249 0.00891091 0.00902732 0.00840923 0.00819164 0.00814187 0.00848082 0.00960424 0.00936552 0.00830896 0.00826351 0.00850146 0.00902625 0.0087941 0.00859635 0.00851496 0.00808535 0.00811758 0.00845183 0.0085679 0.0085237 0.00815496 0.00800517 0.00824043 0.00822655 0.00820891 0.00801252 0.00806565 0.00805391 0.00807716 0.00807088 0.00799632 0.00795178 0.00822286 0.00817721 0.00828349 0.00827812 0.0082118 0.00814679 0.00814874 0.00821643 0.0083737 0.00851619 0.00839549 0.00822069 0.00823596 0.00828133 0.00829991 0.0086688 0.00836239 0.00828657 0.00850144 0.008567 0.00857278 0.00854541 0.00842193 
0.00820908 0.0082502 0.00808411 0.00812687 0.00951737 0.00994728 0.0035726 0.0036591 0 0.00355224 0.00354905 0.0201977 0.0963767 0.0294937 0.0124769 0.00878349 0.0102703 0.00931946 0.0088899 0.00803148 0.00800534 0.0083899 0.0112514 0.0198577 0.0141486 0.00994589 0.0085635 0.00838178 0.0080864 0.00815916 0.0087614 0.00939943 0.00992774 0.00836747 0.00814925 0.00851264 0.00883271 0.00926429 0.00881253 0.00848056 0.00810155 0.00809437 0.00853545 0.00879824 0.00866865 0.00827876 0.00821813 0.00821644 0.00829756 0.0081269 0.00806107 0.00788424 0.00806133 0.00801233 0.00808421 0.00797361 0.00796022 0.00820078 0.00821745 0.00828855 0.00841198 0.00823541 0.00817167 0.00812836 0.00827169 0.00847294 0.00854085 0.00842932 0.00826906 0.00826526 0.00823051 0.00837045 0.00859983 0.00829511 0.00821769 0.00855993 0.00850588 0.00858269 0.00847244 0.00838037 
0.0082835 0.00842556 0.00818444 0.0082431 0.0120308 0.0131855 0.00373397 0.00359308 0.00355224 0 0.00371783 0.0166184 0.0621128 0.171932 0.0235274 0.00895463 0.00965454 0.0100916 0.00975245 0.00811004 0.00816785 0.00846029 0.0108212 0.0122511 0.0191691 0.00939329 0.00969014 0.00878097 0.00824332 0.00840573 0.00841596 0.00888257 0.00955972 0.00852344 0.00807675 0.00837085 0.00851782 0.00861819 0.00847674 0.00834556 0.00819988 0.00793591 0.00843068 0.00857126 0.0084213 0.0081948 0.00800054 0.0081802 0.00813225 0.0080315 0.008043 0.0078798 0.00799 0.00798018 0.00797872 0.00794987 0.00796937 0.00823875 0.00820175 0.00824377 0.00820784 0.00821172 0.00812039 0.008145 0.00820731 0.00840779 0.00840676 0.00831561 0.00825528 0.00823323 0.00824965 0.00828892 0.00865745 0.00827692 0.00824826 0.00847201 0.00841159 0.00846309 0.00844585 0.00834311 
0.0092392 0.00932445 0.00881744 0.00855386 0.0138796 0.0444033 0.00388868 0.00357085 0.00354905 0.00371783 0 0.0184738 0.0162476 0.11462 0.265054 0.013934 0.00909556 0.00957985 0.0123858 0.0101552 0.0106464 0.0121447 0.00961744 0.0125253 0.0120212 0.0108626 0.012768 0.0102507 0.00936377 0.00866928 0.00939131 0.00891601 0.00906119 0.00992228 0.00880602 0.00822215 0.00861297 0.00829501 0.00864394 0.00828626 0.00858289 0.00843141 0.00832938 0.00860833 0.00854232 0.00879539 0.00824228 0.00805041 0.00809199 0.00795649 0.00817296 0.00804536 0.00792336 0.00795523 0.00794891 0.00827443 0.00821254 0.00848525 0.00818088 0.00821523 0.00816901 0.00816551 0.00822035 0.00847394 0.00837758 0.00837693 0.00828819 0.0082189 0.00820878 0.00819746 0.00876675 0.00864644 0.00869961 0.00843096 0.00862023 0.00852114 0.00837507 0.00836333 0.00845103 0.00844708 
0.00873599 0.00948698 0.00849931 0.00947881 0.0124926 0.0128441 0.062117 0.0613845 0.0201977 0.0166184 0.0184738 0 0.00379077 0.00361295 0.00380284 0.454593 0.0125133 0.0129936 0.0622733 0.0124232 0.0148031 0.0214924 0.0160432 0.0150825 0.0153829 0.0203276 0.0137773 0.0153658 0.0101327 0.0116445 0.0124037 0.0108871 0.0102461 0.0141759 0.00991732 0.00862667 0.00890145 0.00861672 0.00919348 0.00898229 0.0103942 0.00881124 0.0088262 0.00857108 0.00938924 0.0108417 0.00865577 0.0082637 0.00813343 0.00810703 0.00863753 0.00795187 0.00793915 0.00795831 0.00803501 0.0085641 0.00896687 0.00817552 0.00802421 0.00812533 0.00817327 0.0081169 0.00849727 0.00859414 0.0082994 0.00828394 0.00822229 0.00825479 0.00813228 0.00856567 0.0088075 0.00842152 0.00834662 0.00898363 0.00837372 0.00828369 0.00829838 0.00828308 0.00822964 0.00865932 
0.00831587 0.00860791 0.00822958 0.00836627 0.00884561 0.00935323 0.0154864 0.0575628 0.0963767 0.0621128 0.0162476 0.00379077 0 0.00364293 0.00356432 0.0203289 0.449324 0.0267256 0.0143651 0.00877349 0.00893009 0.0118459 0.0454929 0.051425 0.0383037 0.0151357 0.0116696 0.0119062 0.00977345 0.00917778 0.0133716 0.0206987 0.0204159 0.00998788 0.00906204 0.0103713 0.0134692 0.0126253 0.0116454 0.0120566 0.0083616 0.00845932 0.0105134 0.0113667 0.0105184 0.00907482 0.00867324 0.00848049 0.00866253 0.00836047 0.0081836 0.00794873 0.00800121 0.00815223 0.00831336 0.00807525 0.00797185 0.00814359 0.00823357 0.00839718 0.00846992 0.00824716 0.00815164 0.00798682 0.00829262 0.00854888 0.00872451 0.00853282 0.00827268 0.0081719 0.00810672 0.00832581 0.00871123 0.00839885 0.00824871 0.00857673 0.00861808 0.00873171 0.00870527 0.00847261 
0.00821673 0.00861982 0.00803076 0.00822071 0.00863698 0.00880627 0.0108041 0.0253568 0.0294937 0.171932 0.11462 0.00361295 0.00364293 0 0.00376479 0.0194829 0.0384656 0.447816 0.0204631 0.00986122 0.00924492 0.0111254 0.0214272 0.0453981 0.124219 0.0180345 0.0234105 0.0130857 0.0101406 0.00933782 0.0106523 0.0222174 0.0295144 0.0136946 0.00903038 0.00995292 0.0118537 0.0121391 0.0121103 0.0108016 0.00925917 0.00840774 0.0097447 0.0117035 0.0114384 0.00948991 0.00838052 0.00848858 0.0084718 0.00843588 0.00823684 0.00787764 0.0080691 0.00820437 0.00826147 0.00815039 0.00795408 0.00807274 0.00823838 0.00842688 0.00841253 0.00827315 0.00808137 0.0079852 0.00827191 0.00850176 0.0087644 0.00844956 0.00829525 0.00806424 0.00810949 0.00830061 0.0086633 0.00830271 0.00825648 0.00850953 0.00854417 0.00860893 0.0086381 0.00844613 
0.00933071 0.00904817 0.00879192 0.00833653 0.0118983 0.0118064 0.0223826 0.0103143 0.0124769 0.0235274 0.265054 0.00380284 0.00356432 0.00376479 0 0.0485274 0.0167209 0.0192256 0.423773 0.0142099 0.0162623 0.016522 0.0144907 0.0147283 0.0269385 0.0327632 0.0224268 0.0225164 0.013687 0.0130302 0.0162574 0.00999501 0.0134379 0.0236747 0.0123162 0.00930949 0.00903457 0.00968178 0.00915071 0.00943378 0.0104145 0.00976003 0.0089383 0.00932904 0.00951177 0.0105779 0.00979661 0.00821635 0.00828218 0.00820718 0.00864579 0.00838884 0.00808444 0.00804443 0.00803116 0.00873411 0.00860278 0.00856949 0.0081272 0.00821478 0.00826559 0.00807704 0.008378 0.00873269 0.00854798 0.00838336 0.0088717 0.00884982 0.00805882 0.00830921 0.00880271 0.0089553 0.0086978 0.00849267 0.00871836 0.00851969 0.00841969 0.00835019 0.00840312 0.00849616 
0.00830637 0.0086294 0.00829931 0.00909184 0.0101456 0.00966357 0.00901643 0.00906197 0.00878349 0.00895463 0.013934 0.454593 0.0203289 0.0194829 0.0485274 0 0.00464292 0.00367095 0.00483034 0.00763767 0.00872349 0.0353641 0.0105696 0.0156643 0.0174203 0.0146002 0.0146064 0.0120712 0.0114767 0.0104636 0.00944937 0.010026 0.00891391 0.0148976 0.00861369 0.00825445 0.00900927 0.00823793 0.00963206 0.00831893 0.0101436 0.00821763 0.00819228 0.0090697 0.00958956 0.00912608 0.00809755 0.00841859 0.00793513 0.00841176 0.0084879 0.00794598 0.0078962 0.00788251 0.00798669 0.00859052 0.00893455 0.00802569 0.00798858 0.00803298 0.00803874 0.00804032 0.00846173 0.00859274 0.00802736 0.0080928 0.00812394 0.00809936 0.00810789 0.0083358 0.00868223 0.00816162 0.00817063 0.00858312 0.00862772 0.0081404 0.00815063 0.00812641 0.0081059 0.00837714 
0.00816503 0.00810513 0.00806592 0.00803644 0.00813477 0.00803934 0.00856766 0.00899511 0.0102703 0.00965454 0.00909556 0.0125133 0.449324 0.0384656 0.0167209 0.00464292 0 0.00439644 0.00358459 0.00373535 0.00590308 0.0143635 0.0269411 0.0297827 0.0164689 0.00956667 0.00949431 0.0101879 0.00938069 0.00869217 0.0106115 0.0104543 0.0129733 0.00851921 0.00867896 0.00866333 0.00918866 0.00932895 0.00866669 0.00903736 0.0081153 0.00807732 0.0084878 0.00885515 0.00870642 0.00836468 0.0081558 0.00813627 0.00831449 0.00818205 0.00807244 0.0078891 0.00795021 0.00800677 0.00817617 0.00798913 0.00796632 0.00796386 0.00813218 0.00815552 0.00820792 0.00813871 0.00801351 0.00797006 0.00809443 0.00831426 0.00827113 0.00825972 0.00807755 0.00811958 0.0080227 0.00815302 0.00825584 0.00807909 0.00815605 0.00826434 0.00831019 0.00833679 0.00840715 0.00826859 
0.00805483 0.00819866 0.00798472 0.00809137 0.00806228 0.00802702 0.00882187 0.0102981 0.00931946 0.0100916 0.00957985 0.0129936 0.0267256 0.447816 0.0192256 0.00367095 0.00439644 0 0.00374691 0.00406341 0.00540951 0.0106099 0.0313761 0.0250061 0.0226394 0.0163179 0.0109682 0.0108391 0.00915418 0.00905791 0.00937658 0.0130722 0.0129692 0.00896839 0.00852649 0.00880765 0.00903485 0.00936779 0.00911003 0.00895545 0.00833243 0.00812245 0.00881065 0.00894798 0.00883238 0.00848684 0.00831221 0.00821615 0.00843402 0.00804744 0.00811832 0.00789183 0.00792524 0.00805665 0.00802102 0.00796797 0.00791331 0.00798505 0.00812611 0.00820793 0.00815842 0.00808205 0.00802535 0.00798555 0.00808729 0.00825675 0.00833384 0.00822461 0.00814208 0.00803567 0.00800114 0.00814172 0.00817255 0.0081373 0.00811752 0.00827559 0.00833791 0.00836729 0.00829361 0.00816085 
0.00878527 0.00861828 0.00858112 0.00831524 0.0101257 0.00969603 0.0150544 0.00945566 0.0088899 0.00975245 0.0123858 0.0622733 0.0143651 0.0204631 0.423773 0.00483034 0.00358459 0.00374691 0 0.00869713 0.00882845 0.0683982 0.011733 0.0177075 0.0223113 0.0239395 0.0267743 0.0145669 0.0169641 0.0106416 0.0141889 0.010027 0.00959241 0.0165366 0.013107 0.00855126 0.00929414 0.00858048 0.00926546 0.00841097 0.00945519 0.00994201 0.00844448 0.00849913 0.0084686 0.00893041 0.00936239 0.00864413 0.00803318 0.00842698 0.00809966 0.00858864 0.0081282 0.00797915 0.00802667 0.00835011 0.00859739 0.0084757 0.0082573 0.00808875 0.00818301 0.00808334 0.00815641 0.00867252 0.0083762 0.00828058 0.00839355 0.00818412 0.00806801 0.00807968 0.00864613 0.00872944 0.00829067 0.00817446 0.00886433 0.00820095 0.00821322 0.00819338 0.00816418 0.0082034 
0.00863585 0.00847193 0.00854445 0.00890755 0.010848 0.0101426 0.00908595 0.00811525 0.00803148 0.00811004 0.0101552 0.0124232 0.00877349 0.00986122 0.0142099 0.00763767 0.00373535 0.00406341 0.00869713 0 0.965708 0.0104132 0.00906441 0.00948169 0.0106039 0.0105529 0.0132717 0.0155224 0.0141025 0.0110866 0.00906547 0.0083716 0.00845694 0.00955885 0.00909187 0.0079397 0.00803803 0.0079035 0.00798652 0.00802273 0.00853764 0.00832943 0.00788001 0.0078621 0.00790438 0.00840018 0.00836797 0.00795948 0.0078449 0.00793914 0.00820131 0.00828288 0.00789382 0.00784008 0.00786413 0.00844537 0.00983483 0.00820687 0.00791177 0.00786116 0.00794409 0.00784947 0.00817999 0.00920476 0.00802134 0.00789615 0.00784461 0.00792224 0.00787218 0.00817099 0.00900792 0.00814393 0.00794572 0.00852827 0.00831099 0.00794425 0.00792866 0.00792195 0.00791718 0.0081604 
0.00855399 0.0084455 0.00868758 0.00897449 0.0109477 0.0106753 0.00921319 0.00807446 0.00800534 0.00816785 0.0106464 0.0148031 0.00893009 0.00924492 0.0162623 0.00872349 0.00590308 0.00540951 0.00882845 0.965708 0 0.0163636 0.00946899 0.00911242 0.0116528 0.0131707 0.0127258 0.0162705 0.014566 0.0124201 0.00996577 0.00843017 0.00866673 0.0103578 0.00951278 0.00801649 0.00810957 0.00801436 0.00814317 0.00816008 0.00884425 0.00859282 0.00790557 0.00790863 0.00800963 0.00925907 0.0085371 0.00809072 0.00788108 0.00796607 0.00829111 0.00823184 0.00791667 0.00784806 0.00786472 0.00843323 0.0106474 0.00820764 0.00798473 0.00789474 0.00798241 0.00790758 0.00840492 0.00920175 0.00811003 0.00793009 0.007891 0.00792306 0.00788913 0.00832372 0.00894284 0.00847505 0.00795968 0.00856458 0.00851174 0.00801444 0.00801544 0.00795778 0.00795184 0.00824249 
0.00823499 0.00847133 0.0082313 0.00867029 0.00922561 0.00921925 0.00886683 0.00846481 0.0083899 0.00846029 0.0121447 0.0214924 0.0118459 0.0111254 0.016522 0.0353641 0.0143635 0.0106099 0.0683982 0.0104132 0.0163636 0 0.00379501 0.00360262 0.00364153 0.0039331 0.00406365 0.00562539 0.0101313 0.0146744 0.023937 0.0137174 0.0102335 0.0215642 0.0130087 0.00924739 0.0105281 0.00896235 0.0120429 0.00890565 0.0141509 0.0102498 0.00890322 0.0091322 0.00929767 0.0120213 0.00860561 0.00869871 0.00808965 0.00842754 0.00957868 0.00814581 0.00790952 0.00795607 0.00810289 0.00905387 0.00927397 0.007996 0.00812377 0.00812312 0.00813325 0.00806126 0.00883455 0.00861545 0.00863313 0.00823196 0.00831627 0.00823742 0.00814962 0.00851426 0.00856605 0.00829342 0.00829761 0.00860292 0.00825303 0.00829988 0.00817139 0.00820693 0.00827323 0.00835384 
0.00819446 0.00831537 0.00805406 0.00812279 0.00823292 0.00823905 0.00887105 0.0102705 0.0112514 0.0108212 0.00961744 0.0160432 0.0454929 0.0214272 0.0144907 0.0105696 0.0269411 0.0313761 0.011733 0.00906441 0.00946899 0.00379501 0 0.00359097 0.00363734 0.00371638 0.0042427 0.00522214 0.00809091 0.00849862 0.0551221 0.031878 0.0488825 0.0106395 0.0126307 0.0182648 0.0160809 0.0403695 0.012041 0.0247639 0.00907502 0.00974897 0.0178391 0.0176364 0.0179119 0.0117979 0.00961317 0.00843439 0.0103512 0.00842076 0.00864214 0.00805102 0.00815389 0.00825442 0.00854241 0.00823005 0.00835569 0.00808216 0.0082345 0.0087096 0.00860979 0.00851408 0.00819181 0.00800388 0.00847783 0.00896957 0.00928187 0.00909254 0.00859862 0.00821842 0.00801375 0.00822282 0.00847621 0.00830259 0.00814667 0.00850075 0.0084903 0.00858855 0.00851801 0.00834549 
0.0082948 0.00832548 0.00817089 0.00810287 0.00828656 0.00820219 0.00921589 0.0172573 0.0198577 0.0122511 0.0125253 0.0150825 0.051425 0.0453981 0.0147283 0.0156643 0.0297827 0.0250061 0.0177075 0.00948169 0.00911242 0.00360262 0.00359097 0 0.00359165 0.00356265 0.00371027 0.00392859 0.00784869 0.00777686 0.0240866 0.117517 0.0326771 0.0220235 0.0113998 0.022674 0.0734853 0.0288829 0.085683 0.0138459 0.010635 0.0112477 0.0235667 0.072045 0.0248935 0.01174 0.00960871 0.0131323 0.0118442 0.0100817 0.00865033 0.00817297 0.00820247 0.00908432 0.00910441 0.00844103 0.00807326 0.00825608 0.00876982 0.00950367 0.00970504 0.00929647 0.0084275 0.0080555 0.00909642 0.00982249 0.0111237 0.00994542 0.00880184 0.00821451 0.00799989 0.00853206 0.00871045 0.00833825 0.00829214 0.00882105 0.00893766 0.00928874 0.00915045 0.00857998 
0.00839199 0.00833349 0.0083124 0.00808878 0.00837489 0.00821752 0.0094652 0.0148249 0.0141486 0.0191691 0.0120212 0.0153829 0.0383037 0.124219 0.0269385 0.0174203 0.0164689 0.0226394 0.0223113 0.0106039 0.0116528 0.00364153 0.00363734 0.00359165 0 0.00362668 0.00363748 0.00678603 0.00930808 0.0133328 0.0340682 0.0371071 0.175972 0.0303823 0.0132832 0.0222835 0.0248237 0.0405888 0.0187284 0.0671658 0.012131 0.0112209 0.026444 0.0235399 0.0459344 0.0139617 0.0101092 0.00971739 0.0108998 0.00976286 0.00890709 0.00819941 0.00825629 0.00841265 0.00936283 0.0085846 0.00825714 0.00820336 0.00841007 0.00895545 0.00876022 0.00894241 0.00827691 0.00809446 0.00893342 0.00907243 0.00963718 0.00915079 0.00886174 0.0081636 0.00805856 0.00852718 0.00883788 0.00830969 0.00826555 0.00857129 0.0087074 0.00871944 0.00881518 0.00841653 
0.00840279 0.00833513 0.00812298 0.00809313 0.00846325 0.00820952 0.0103947 0.00891091 0.00994589 0.00939329 0.0108626 0.0203276 0.0151357 0.0180345 0.0327632 0.0146002 0.00956667 0.0163179 0.0239395 0.0105529 0.0131707 0.0039331 0.00371638 0.00356265 0.00362668 0 0.00407647 0.0036815 0.0100712 0.00841815 0.038625 0.0207034 0.0227305 0.0452417 0.0145551 0.0108803 0.017137 0.0161008 0.019682 0.0127371 0.0140463 0.0132684 0.0103654 0.0167987 0.0135772 0.0139428 0.0116949 0.00882599 0.00917269 0.00837787 0.0087191 0.00829897 0.00802664 0.00827072 0.00834676 0.00866257 0.00856109 0.00816659 0.00813388 0.00827278 0.00854588 0.00828048 0.00856603 0.00830838 0.00873471 0.00854992 0.00874411 0.00860115 0.00818037 0.00817949 0.00838188 0.00860556 0.00845903 0.00827452 0.00828456 0.00846028 0.00841295 0.0085391 0.00845156 0.00837845 
0.00819843 0.00818782 0.00795981 0.00818562 0.00912335 0.00916252 0.00867477 0.00902732 0.0085635 0.00969014 0.012768 0.0137773 0.0116696 0.0234105 0.0224268 0.0146064 0.00949431 0.0109682 0.0267743 0.0132717 0.0127258 0.00406365 0.0042427 0.00371027 0.00363748 0.00407647 0 0.00428404 0.00982303 0.161236 0.0157143 0.0193333 0.0250896 0.0542714 0.0121915 0.0104129 0.0119318 0.0102882 0.0116811 0.0123712 0.0150769 0.00972929 0.00996886 0.0105586 0.0138582 0.0144475 0.00868595 0.00917082 0.00828377 0.00867836 0.00941219 0.00820226 0.00806131 0.00806398 0.00840665 0.00926359 0.00957326 0.00807785 0.00810698 0.00817454 0.00823185 0.00805252 0.00855965 0.00867298 0.00954158 0.00824559 0.00835333 0.00824032 0.00809624 0.00830587 0.0084489 0.00820507 0.00808568 0.00840366 0.00808998 0.00812897 0.00809894 0.00809556 0.00816204 0.00821098 
0.00835674 0.00863177 0.00817073 0.00825386 0.00899156 0.00835265 0.0094169 0.00840923 0.00838178 0.00878097 0.0102507 0.0153658 0.0119062 0.0130857 0.0225164 0.0120712 0.0101879 0.0108391 0.0145669 0.0155224 0.0162705 0.00562539 0.00522214 0.00392859 0.00678603 0.0036815 0.00428404 0 0.158713 0.06694 0.0377227 0.0157685 0.0376944 0.0292011 0.0157924 0.00952002 0.00914489 0.0101724 0.00913376 0.0133964 0.0123332 0.0102949 0.00932433 0.00890391 0.0111862 0.0129448 0.0117059 0.00823265 0.00843716 0.0082721 0.0089155 0.00839938 0.0080264 0.00802434 0.0082563 0.00887965 0.00975022 0.0083648 0.00799601 0.00806436 0.00818871 0.00822925 0.00852058 0.00857312 0.0083171 0.00824336 0.00847589 0.00820672 0.00801245 0.0083658 0.00830655 0.00826038 0.00844579 0.00830453 0.0081834 0.00821983 0.00812123 0.00807813 0.00827766 0.00829617 
0.0082393 0.00827468 0.00809026 0.00837468 0.00902281 0.00854122 0.00806362 0.00819164 0.0080864 0.00824332 0.00936377 0.0101327 0.00977345 0.0101406 0.013687 0.0114767 0.00938069 0.00915418 0.0169641 0.0141025 0.014566 0.0101313 0.00809091 0.00784869 0.00930808 0.0100712 0.00982303 0.158713 0 0.0109681 0.0138968 0.0420708 0.0167508 0.02908 0.0108186 0.00934659 0.00979921 0.00870405 0.0098598 0.00973764 0.0127933 0.00898358 0.00876601 0.00875602 0.00940188 0.0122504 0.00830052 0.00859816 0.0081243 0.00840239 0.00863162 0.00796014 0.00798973 0.0080082 0.0082177 0.00871821 0.0105428 0.00787725 0.00805766 0.00809072 0.00806397 0.00804444 0.00835577 0.00855344 0.00821972 0.00819789 0.00813793 0.00810352 0.00798938 0.00813922 0.00857401 0.00807755 0.00803059 0.00829617 0.00804808 0.00798715 0.00800233 0.00802959 0.00802473 0.00809825 
0.00830453 0.00823649 0.00813198 0.0081846 0.00863478 0.00818842 0.00855611 0.00814187 0.00815916 0.00840573 0.00866928 0.0116445 0.00917778 0.00933782 0.0130302 0.0104636 0.00869217 0.00905791 0.0106416 0.0110866 0.0124201 0.0146744 0.00849862 0.00777686 0.0133328 0.00841815 0.161236 0.06694 0.0109681 0 0.0494209 0.0123041 0.0529097 0.0583847 0.0143777 0.00933188 0.0089349 0.00895204 0.00879848 0.0106249 0.00986382 0.00963726 0.00889296 0.00866605 0.00951229 0.0101351 0.0103664 0.00819992 0.00827936 0.00833813 0.00866425 0.00846926 0.00804737 0.00803433 0.00824058 0.00867148 0.00937767 0.00852515 0.0079805 0.00804803 0.00819725 0.00822793 0.00821678 0.00879665 0.00814522 0.00809929 0.00815888 0.00807533 0.00804231 0.00820693 0.00835925 0.00819717 0.00820031 0.00817472 0.00815575 0.00814426 0.00809743 0.00807336 0.00810624 0.00817541 
0.0083084 0.0085452 0.00823305 0.00837041 0.00898436 0.00838986 0.00828517 0.00848082 0.0087614 0.00841596 0.00939131 0.0124037 0.0133716 0.0106523 0.0162574 0.00944937 0.0106115 0.00937658 0.0141889 0.00906547 0.00996577 0.023937 0.0551221 0.0240866 0.0340682 0.038625 0.0157143 0.0377227 0.0138968 0.0494209 0 0.00362141 0.00360242 0.0037377 0.384542 0.0325873 0.019243 0.0415258 0.0116482 0.0250551 0.015045 0.0193728 0.0244179 0.0164315 0.0141732 0.0244255 0.0136016 0.00912507 0.010871 0.00895197 0.0157859 0.00871495 0.00836925 0.00849086 0.00892814 0.0111574 0.0121452 0.00848147 0.00812328 0.00858781 0.00855114 0.00866614 0.00919582 0.00871465 0.0100014 0.00913119 0.00904329 0.00905545 0.00826935 0.010247 0.00844655 0.00842355 0.00836704 0.00887436 0.00814114 0.00822832 0.00833758 0.00842723 0.00835215 0.00840397 
0.00845951 0.0082459 0.00814563 0.00813676 0.00801398 0.00796317 0.00815741 0.00960424 0.00939943 0.00888257 0.00891601 0.0108871 0.0206987 0.0222174 0.00999501 0.010026 0.0104543 0.0130722 0.010027 0.0083716 0.00843017 0.0137174 0.031878 0.117517 0.0371071 0.0207034 0.0193333 0.0157685 0.0420708 0.0123041 0.00362141 0 0.00359461 0.00357081 0.0665977 0.173003 0.220576 0.0139787 0.134764 0.01642 0.0161437 0.0139922 0.0361832 0.0510306 0.0423895 0.0115687 0.00951002 0.0235586 0.00957937 0.0167782 0.00885325 0.00842575 0.00880832 0.00878572 0.0109046 0.00891108 0.00873304 0.00813048 0.00886609 0.00940538 0.00963715 0.00957298 0.00844964 0.00802341 0.00923579 0.0101313 0.0118562 0.0098071 0.00974962 0.00826061 0.00802904 0.00850807 0.00870097 0.00840635 0.00871685 0.00866615 0.00881034 0.00898103 0.00885229 0.00848686 
0.00825834 0.00835669 0.00808466 0.00799118 0.00802194 0.00800254 0.00864325 0.00936552 0.00992774 0.00955972 0.00906119 0.0102461 0.0204159 0.0295144 0.0134379 0.00891391 0.0129733 0.0129692 0.00959241 0.00845694 0.00866673 0.0102335 0.0488825 0.0326771 0.175972 0.0227305 0.0250896 0.0376944 0.0167508 0.0529097 0.00360242 0.00359461 0 0.00359143 0.0323218 0.0467111 0.0456679 0.283356 0.0163175 0.345147 0.0112379 0.0124131 0.0284106 0.0433033 0.0634248 0.0209879 0.0138993 0.0091501 0.0293914 0.00967998 0.0111973 0.0085976 0.0085213 0.00944827 0.0111804 0.0103863 0.00884181 0.00855761 0.00846879 0.00981067 0.00971194 0.0112096 0.00865016 0.00814928 0.0096524 0.010322 0.010653 0.0116771 0.00862082 0.00867025 0.0081064 0.00867871 0.00899114 0.00845434 0.00812484 0.008841 0.00883333 0.00967254 0.00963216 0.00840306 
0.00848782 0.00850342 0.00821176 0.0081847 0.00887591 0.0084442 0.00881591 0.00830896 0.00836747 0.00852344 0.00992228 0.0141759 0.00998788 0.0136946 0.0236747 0.0148976 0.00851921 0.00896839 0.0165366 0.00955885 0.0103578 0.0215642 0.0106395 0.0220235 0.0303823 0.0452417 0.0542714 0.0292011 0.02908 0.0583847 0.0037377 0.00357081 0.00359143 0 0.0222513 0.0218384 0.0452168 0.0267355 0.171684 0.0491393 0.279703 0.0187487 0.0162988 0.014895 0.0302826 0.0400516 0.0144593 0.0118984 0.00887122 0.0116356 0.0120812 0.0093779 0.00847964 0.00839404 0.00922511 0.0144254 0.0109483 0.00915097 0.00830545 0.00833417 0.00863876 0.00866327 0.00958451 0.00932593 0.0107637 0.00871721 0.00928965 0.00855222 0.00853911 0.00846431 0.00878614 0.00910685 0.0083839 0.00875528 0.00863741 0.00823261 0.00830696 0.00849207 0.00841697 0.00842294 
0.00850868 0.00873856 0.00841808 0.0086131 0.00934614 0.00855567 0.00820913 0.00826351 0.00814925 0.00807675 0.00880602 0.00991732 0.00906204 0.00903038 0.0123162 0.00861369 0.00867896 0.00852649 0.013107 0.00909187 0.00951278 0.0130087 0.0126307 0.0113998 0.0132832 0.0145551 0.0121915 0.0157924 0.0108186 0.0143777 0.384542 0.0665977 0.0323218 0.0222513 0 0.00382908 0.00356857 0.00361105 0.00366429 0.00406039 0.00436497 0.0261787 0.0121155 0.0113182 0.0119857 0.0536164 0.0210907 0.0121352 0.0105319 0.010393 0.0210685 0.0110654 0.00876569 0.00868534 0.00926568 0.0176207 0.0182377 0.00889833 0.00829979 0.00854816 0.00860174 0.0088335 0.0136692 0.0100562 0.0104263 0.00950073 0.00894083 0.00876754 0.00935487 0.0110757 0.00909983 0.00883644 0.00832559 0.0100755 0.00823219 0.00833122 0.00818542 0.0083838 0.00853076 0.00904634 
0.0084094 0.00838011 0.00807953 0.00814861 0.00803825 0.00796655 0.008033 0.00850146 0.00851264 0.00837085 0.00822215 0.00862667 0.0103713 0.00995292 0.00930949 0.00825445 0.00866333 0.00880765 0.00855126 0.0079397 0.00801649 0.00924739 0.0182648 0.022674 0.0222835 0.0108803 0.0104129 0.00952002 0.00934659 0.00933188 0.0325873 0.173003 0.0467111 0.0218384 0.00382908 0 0.00365963 0.00362091 0.00363508 0.00377357 0.00367958 0.0107128 0.021652 0.0136158 0.0257726 0.0289668 0.016334 0.0113632 0.0115049 0.0100489 0.0106883 0.00879855 0.00916325 0.00884134 0.0108696 0.0092612 0.00982452 0.00820236 0.00850697 0.0102845 0.00955598 0.0104408 0.00878583 0.00806586 0.00940199 0.0115467 0.0123833 0.0115854 0.00888707 0.00863697 0.00802732 0.00847176 0.00887193 0.00851024 0.00814721 0.00870376 0.00871179 0.0090166 0.00900203 0.0084592 
0.00842564 0.00834788 0.00816362 0.00821984 0.00799611 0.00797327 0.00817077 0.00902625 0.00883271 0.00851782 0.00861297 0.00890145 0.0134692 0.0118537 0.00903457 0.00900927 0.00918866 0.00903485 0.00929414 0.00803803 0.00810957 0.0105281 0.0160809 0.0734853 0.0248237 0.017137 0.0119318 0.00914489 0.00979921 0.0089349 0.019243 0.220576 0.0456679 0.0452168 0.00356857 0.00365963 0 0.00354401 0.0036069 0.00358049 0.00357511 0.0120414 0.012754 0.0608592 0.0311116 0.401868 0.0104901 0.0268378 0.00980351 0.0189412 0.00980332 0.00903719 0.00928915 0.010161 0.0131254 0.0102611 0.00948792 0.00833117 0.0109234 0.0117884 0.0169966 0.0121578 0.00894198 0.00814325 0.0102225 0.0156267 0.0226393 0.013756 0.0128019 0.00841254 0.00818056 0.00887187 0.00894395 0.00853 0.00870622 0.00893362 0.0104408 0.0109006 0.00953981 0.00864809 
0.00839338 0.00830965 0.00812394 0.00814019 0.00803318 0.00801076 0.00811722 0.0087941 0.00926429 0.00861819 0.00829501 0.00861672 0.0126253 0.0121391 0.00968178 0.00823793 0.00932895 0.00936779 0.00858048 0.0079035 0.00801436 0.00896235 0.0403695 0.0288829 0.0405888 0.0161008 0.0102882 0.0101724 0.00870405 0.00895204 0.0415258 0.0139787 0.283356 0.0267355 0.00361105 0.00362091 0.00354401 0 0.00355692 0.00358276 0.00356279 0.0102179 0.0440167 0.0252298 0.50612 0.0122546 0.018717 0.00885324 0.0589492 0.00888184 0.0106019 0.00913606 0.00868441 0.012016 0.010119 0.00956368 0.00951226 0.00875543 0.00855487 0.0182556 0.0154113 0.0136383 0.00917497 0.00817467 0.0103237 0.0151869 0.0205957 0.0250616 0.00901177 0.00913133 0.00803923 0.00868343 0.00913104 0.00855981 0.00819502 0.00938346 0.0102461 0.0104219 0.010121 0.00861939 
0.00835869 0.00832765 0.00813459 0.00819252 0.0080659 0.00795107 0.00816893 0.00859635 0.00881253 0.00847674 0.00864394 0.00919348 0.0116454 0.0121103 0.00915071 0.00963206 0.00866669 0.00911003 0.00926546 0.00798652 0.00814317 0.0120429 0.012041 0.085683 0.0187284 0.019682 0.0116811 0.00913376 0.0098598 0.00879848 0.0116482 0.134764 0.0163175 0.171684 0.00366429 0.00363508 0.0036069 0.00355692 0 0.00356022 0.00355753 0.03358 0.0123173 0.654241 0.0135614 0.0132574 0.00895728 0.0330383 0.00874956 0.020843 0.00917988 0.00859861 0.00946521 0.00973843 0.0111918 0.0103467 0.00974163 0.0082524 0.0112722 0.0113905 0.0153488 0.0108193 0.0098244 0.0082789 0.0100282 0.0141819 0.0254463 0.0134958 0.01084 0.00850374 0.00808678 0.00887658 0.00899231 0.0086624 0.00868341 0.00921945 0.00969119 0.0103783 0.00924815 0.0085949 
0.00842003 0.0084283 0.00821288 0.0080846 0.00807408 0.00795791 0.00809228 0.00851496 0.00848056 0.00834556 0.00828626 0.00898229 0.0120566 0.0108016 0.00943378 0.00831893 0.00903736 0.00895545 0.00841097 0.00802273 0.00816008 0.00890565 0.0247639 0.0138459 0.0671658 0.0127371 0.0123712 0.0133964 0.00973764 0.0106249 0.0250551 0.01642 0.345147 0.0491393 0.00406039 0.00377357 0.00358049 0.00358276 0.00356022 0 0.00366989 0.0117178 0.649676 0.0154679 0.0501482 0.0134887 0.0171238 0.00923878 0.0194452 0.00967932 0.0128344 0.00908904 0.0087461 0.0090833 0.0128957 0.0110188 0.00986371 0.00889033 0.00869006 0.0102339 0.00967015 0.0154936 0.00886553 0.00852664 0.0117636 0.0154186 0.0140887 0.0131667 0.00891197 0.00897362 0.00830454 0.00880737 0.00936544 0.00837548 0.00846105 0.00904304 0.00897884 0.00913044 0.0096677 0.00842045 
0.00849172 0.00842927 0.00822387 0.00815174 0.00843234 0.00803162 0.00818459 0.00808535 0.00810155 0.00819988 0.00858289 0.0103942 0.0083616 0.00925917 0.0104145 0.0101436 0.0081153 0.00833243 0.00945519 0.00853764 0.00884425 0.0141509 0.00907502 0.010635 0.012131 0.0140463 0.0150769 0.0123332 0.0127933 0.00986382 0.015045 0.0161437 0.0112379 0.279703 0.00436497 0.00367958 0.00357511 0.00356279 0.00355753 0.00366989 0 0.497774 0.0110168 0.0150251 0.0138785 0.0382582 0.0118441 0.0138389 0.00818153 0.0113259 0.0122555 0.0110722 0.00840036 0.00838219 0.00893864 0.0204972 0.0155367 0.00974893 0.00845528 0.0085496 0.00874596 0.0092928 0.0111222 0.00968557 0.0119411 0.00880134 0.0093858 0.00863917 0.00869621 0.00868804 0.00894939 0.00965055 0.00837784 0.00900276 0.00881362 0.00814974 0.00821189 0.00830708 0.00884146 0.00862197 
0.00829736 0.0083939 0.00814372 0.00836435 0.00856089 0.00812765 0.00799569 0.00811758 0.00809437 0.00793591 0.00843141 0.00881124 0.00845932 0.00840774 0.00976003 0.00821763 0.00807732 0.00812245 0.00994201 0.00832943 0.00859282 0.0102498 0.00974897 0.0112477 0.0112209 0.0132684 0.00972929 0.0102949 0.00898358 0.00963726 0.0193728 0.0139922 0.0124131 0.0187487 0.0261787 0.0107128 0.0120414 0.0102179 0.03358 0.0117178 0.497774 0 0.00359306 0.00358516 0.00360404 0.00386236 0.0118776 0.00869016 0.0108595 0.0234911 0.0346126 0.0110585 0.00818857 0.00819629 0.0107702 0.0264126 0.0161409 0.00863712 0.0084046 0.00871558 0.0089489 0.00963566 0.0140501 0.00940135 0.0115036 0.0101794 0.00954099 0.00964093 0.00970637 0.0115612 0.00882573 0.00897417 0.00835048 0.0100727 0.00818807 0.0082844 0.00828271 0.00852208 0.00850076 0.00885995 
0.00847476 0.00851848 0.00820785 0.00829978 0.00807214 0.00800366 0.00811218 0.00845183 0.00853545 0.00843068 0.00832938 0.0088262 0.0105134 0.0097447 0.0089383 0.00819228 0.0084878 0.00881065 0.00844448 0.00788001 0.00790557 0.00890322 0.0178391 0.0235667 0.026444 0.0103654 0.00996886 0.00932433 0.00876601 0.00889296 0.0244179 0.0361832 0.0284106 0.0162988 0.0121155 0.021652 0.012754 0.0440167 0.0123173 0.649676 0.0110168 0.00359306 0 0.00359716 0.00355206 0.00357714 0.0101818 0.0213873 0.0191139 0.0246349 0.0128552 0.00909356 0.00898366 0.00894543 0.016396 0.0108341 0.0114311 0.00863528 0.00995629 0.0120114 0.0139612 0.0145488 0.00955568 0.00819775 0.0122842 0.0192858 0.0176404 0.0185024 0.0116386 0.00912807 0.00802383 0.00890461 0.00985739 0.00886588 0.00817067 0.00957735 0.00985261 0.0105332 0.0103992 0.00869049 
0.00845234 0.00847391 0.00818932 0.00823739 0.00808382 0.0079735 0.00812691 0.0085679 0.00879824 0.00857126 0.00860833 0.00857108 0.0113667 0.0117035 0.00932904 0.0090697 0.00885515 0.00894798 0.00849913 0.0078621 0.00790863 0.0091322 0.0176364 0.072045 0.0235399 0.0167987 0.0105586 0.00890391 0.00875602 0.00866605 0.0164315 0.0510306 0.0433033 0.014895 0.0113182 0.0136158 0.0608592 0.0252298 0.654241 0.0154679 0.0150251 0.00358516 0.00359716 0 0.00354076 0.00354891 0.0104145 0.0236282 0.043817 0.0212018 0.00931915 0.00834856 0.00863363 0.0181982 0.0116137 0.01014 0.00923007 0.00880089 0.0109166 0.0215878 0.0331042 0.0167545 0.00945649 0.0082029 0.0130295 0.0279406 0.055493 0.0399999 0.0126075 0.00880337 0.00804722 0.00931442 0.0102319 0.00933388 0.00847122 0.00961278 0.0122706 0.0135424 0.0112637 0.00911911 
