1PTQA
HRFKVYNYMSPTFCDHCGSLLWGLVKQGLKCEDCGMNVHHKCREKVANLC
CCEEEECCCCCCECCCCCCECCCCCCCEEEECCCCCEECHHHHCCCCCCC
0 0 0 0 0 0 0 0 0 0 0 0 0 0 0 0 0 0 0 0 0 0 0 0 0 0 0 0 0 0 0 0 0 0 0 0 0 0 0 0 0 0 0 0 0 0 0 0 0 0 
0 0 0 0 0 0 0 0 0 0 0 0 0 0 0 0 0 0 0 0 0 0 0 0 0 0 0 0 0 0 0 0 0 0 0 0 0 0 0 0 0 0 0 0 0 0 0 0 0 0 
0 0.00365935 0.00477512 0.00726763 0.0158175 0.013812 0.0144786 0.0151138 0.00884547 0.517846 0.00890066 0.0223231 
0.00365935 0 0.00503385 0.00367778 0.00606 0.00816937 0.0143648 0.00854861 0.460404 0.00838888 0.0150729 0.00855431 
0.00477512 0.00503385 0 0.00388506 0.00548104 0.00886214 0.00938497 0.49721 0.00822608 0.0132395 0.00964475 0.00955847 
0.00726763 0.00367778 0.00388506 0 0.0143055 0.007973 0.42301 0.00937166 0.0116066 0.0113846 0.0121063 0.00916841 
0.0158175 0.00606 0.00548104 0.0143055 0 0.958909 0.0134039 0.00873928 0.0126067 0.0122805 0.0303851 0.0207137 
0.013812 0.00816937 0.00886214 0.007973 0.958909 0 0.0136354 0.00657178 0.00723159 0.00988034 0.013812 0.0140449 
0.0144786 0.0143648 0.00938497 0.42301 0.0134039 0.0136354 0 0.00365594 0.00392193 0.00614875 0.00759465 0.0180191 
0.0151138 0.00854861 0.49721 0.00937166 0.00873928 0.00657178 0.00365594 0 0.00385376 0.00360655 0.00797069 0.431937 
0.00884547 0.460404 0.00822608 0.0116066 0.0126067 0.00723159 0.00392193 0.00385376 0 0.00374704 0.548461 0.00652632 
0.517846 0.00838888 0.0132395 0.0113846 0.0122805 0.00988034 0.00614875 0.00360655 0.00374704 0 0.009414 0.00750606 
0.00890066 0.0150729 0.00964475 0.0121063 0.0303851 0.013812 0.00759465 0.00797069 0.548461 0.009414 0 0.00425379 
0.0223231 0.00855431 0.00955847 0.00916841 0.0207137 0.0140449 0.0180191 0.431937 0.00652632 0.00750606 0.00425379 0 
