1PVMB
VPRGGHMFMRVEKIMNSNFKTVNWNTTVFDAVKIMNENHLYGLVVKDDNGNDVGLLSERSIIKRFIPRNKKPDEVPIRLVMRKPIPKVKSDYDVKDVAAYLSENGLERCAVVDDPGRVVGIVTLTDLSRYLSRASITDILLSHRTKDYQHLCPKCGVGVLEPVYNEKGEIKVFRCSNPACDYEE
CCCCCCCCCEHHHCCECCCCEEECCCEHHHHHHHHHHHCCCEEEEECCCCCEEEEEEHHHHHHHCHHHCCCHHHCEHHHCCECCCCEEECCCEHHHHHHHHHHHCCCEEEEECCCCCEEEEEEHHHHCCCCCHHHHHHHHHHHHHCCCCCECCCCCCCEEEEEECCCCCEEEEEECCCCCCCEC
0 0 0 0 0 0 0 0 0 0 0 0 0 0 0 0 0 0 0 0 0 0 0 0 0 0 0 0 0 0 0 0 0 0 0 0 0 0 0 0 0 0 0 0 0 0 0 0 0 0 0 0 0 0 0 0 0 0 0 0 0 0 0 0 0 0 0 0 0 0 0 0 0 0 0 0 0 0 0 0 0 0 0 0 0 0 0 0 0 0 0 0 0 0 0 0 0 0 0 0 0 0 0 0 0 0 0 0 0 0 0 0 0 0 0 0 0 0 0 0 0 0 0 0 0 0 0 0 0 0 0 0 0 0 0 0 0 0 0 0 0 0 0 0 0 0 0 0 0 0 0 0 0 0 0 0 0 0 0 0 0 0 0 0 0 0 0 0 0 0 0 0 0 0 0 0 0 0 0 0 0 0 0 0 
0 0 0 0 0 0 0 0 0 0 0 0 0 0 0 0 0 0 0 0 0 0 0 0 0 0 0 0 0 0 0 0 0 0 0 0 0 0 0 0 0 0 0 0 0 0 0 0 0 0 0 0 0 0 0 0 0 0 0 0 0 0 0 0 0 0 0 0 0 0 0 0 0 0 0 0 0 0 0 0 0 0 0 0 0 0 0 0 0 0 0 0 0 0 0 0 0 0 0 0 0 0 0 0 0 0 0 0 0 0 0 0 0 0 0 0 0 0 0 0 0 0 0 0 0 0 0 0 0 0 0 0 0 0 0 0 0 0 0 0 0 0 0 0 0 0 0 0 0 0 0 0 0 0 0 0 0 0 0 0 0 0 0 0 0 0 0 0 0 0 0 0 0 0 0 0 0 0 0 0 0 0 0 0 
0 0.10532 0.0186838 0.00722128 0.0338948 0.0943012 0.0267674 0.0101868 0.011376 0.00996089 0.0197505 0.017155 0.0100001 0.0102023 0.0100813 0.0108262 0.0192111 0.0709275 0.0293235 0.0219807 0.00834922 0.0122688 0.0422171 0.0114075 0.00837046 0.00843079 0.00846236 0.010607 0.01019 0.00868901 0.00831908 0.00835033 0.00850847 0.0118362 0.0168623 0.0110621 0.0083484 0.00832145 0.00823161 0.00843044 0.00901092 0.0102155 0.00837616 0.0082076 0.00807982 0.00863099 0.00852979 0.0150125 
0.10532 0 0.0197332 0.0140647 0.00642862 0.0287148 0.0147244 0.00927101 0.00894697 0.00969667 0.0142637 0.0118446 0.00872875 0.00872475 0.00904349 0.00967748 0.0135824 0.0296834 0.0239091 0.0103454 0.00856013 0.00957984 0.0245535 0.00912882 0.00808803 0.00803331 0.00819809 0.0104014 0.00986926 0.0081438 0.00803913 0.00804088 0.0081516 0.00980898 0.0141741 0.0100013 0.00820031 0.00810559 0.00807535 0.00826557 0.00930454 0.00932439 0.00809809 0.00807537 0.00799954 0.00835307 0.00926956 0.0144789 
0.0186838 0.0197332 0 0.00371372 0.00413045 0.0121743 0.0538319 0.0134413 0.0373298 0.010201 0.0300233 0.0130964 0.0109197 0.0113169 0.0122641 0.0109004 0.0214488 0.0174814 0.0120013 0.0166732 0.00858268 0.0205977 0.0126966 0.00970053 0.00866322 0.00991554 0.00863616 0.0106202 0.00902021 0.00884643 0.00871664 0.00886235 0.00849426 0.0134485 0.0115605 0.0102231 0.00825915 0.00865719 0.00836836 0.0085712 0.00944935 0.00942704 0.00876125 0.00852196 0.00836648 0.00902776 0.00889494 0.0118111 
0.00722128 0.0140647 0.00371372 0 0.00358394 0.00416867 0.0119657 0.0756113 0.00944402 0.134726 0.00920798 0.00985751 0.0125014 0.00994365 0.0100772 0.0282365 0.0105657 0.00954776 0.00963866 0.00836808 0.0530004 0.00852277 0.0085005 0.00836459 0.0133742 0.00871711 0.0113116 0.00900738 0.00983507 0.00838926 0.00883544 0.00881782 0.00984731 0.00835902 0.00860126 0.00905458 0.00906323 0.00830012 0.00859782 0.00857413 0.00846359 0.00911836 0.00829458 0.00853987 0.00885336 0.00822596 0.00927867 0.00872286 
0.0338948 0.00642862 0.00413045 0.00358394 0 0.0109138 0.0284079 0.00982665 0.0259383 0.0114456 0.0706655 0.0134477 0.00968339 0.0102356 0.0151525 0.00992986 0.0205416 0.0136645 0.0124028 0.027884 0.00836615 0.0126094 0.0106442 0.0121522 0.00843257 0.00939947 0.00858272 0.00997965 0.0100127 0.00895161 0.008668 0.00892386 0.00830039 0.0103541 0.0113309 0.0113731 0.00863721 0.00858816 0.00824473 0.0081721 0.00861065 0.0101047 0.0090099 0.00828442 0.00817532 0.00847051 0.00819252 0.0116975 
0.0943012 0.0287148 0.0121743 0.00416867 0.0109138 0 0.016601 0.0118244 0.00796463 0.00858233 0.0181262 0.0155116 0.00937992 0.00942527 0.00938793 0.0109625 0.0182355 0.250875 0.0538227 0.0185546 0.00940858 0.0119645 0.121817 0.014271 0.00937214 0.00859419 0.00884542 0.0109244 0.0118234 0.00850134 0.00832979 0.00824446 0.00891572 0.0124109 0.0169792 0.0102901 0.00813949 0.00814463 0.00809307 0.00821791 0.00914687 0.00967223 0.00818075 0.0081185 0.00800793 0.00838499 0.00873913 0.0144874 
0.0267674 0.0147244 0.0538319 0.0119657 0.0284079 0.016601 0 0.00374251 0.00363649 0.00369008 0.00438685 0.00785347 0.00753788 0.00989489 0.0155668 0.0552592 0.929593 0.0159508 0.0165738 0.0181153 0.0109362 0.0218431 0.016694 0.0204789 0.0121104 0.0129536 0.0121627 0.0244337 0.0105591 0.00983243 0.0113969 0.0109747 0.0124954 0.0183199 0.0107975 0.00936536 0.00892107 0.00867909 0.00849082 0.00898265 0.0100476 0.00923462 0.00895224 0.008917 0.00903039 0.00946103 0.0101705 0.0102933 
0.0101868 0.00927101 0.0134413 0.0756113 0.00982665 0.0118244 0.00374251 0 0.00361818 0.00364204 0.00362014 0.00688523 0.00959361 0.0156843 0.0447416 0.900952 0.00969254 0.00975826 0.0101676 0.0106203 0.0336317 0.00957785 0.00962427 0.0118159 0.0323188 0.022975 0.034776 0.0111017 0.00993163 0.0116255 0.0231329 0.0199834 0.0205811 0.010074 0.0085381 0.0086602 0.0096657 0.00940167 0.00915099 0.0089211 0.00875027 0.00869294 0.00923928 0.00992601 0.0101977 0.00973645 0.00974637 0.00870081 
0.011376 0.00894697 0.0373298 0.00944402 0.0259383 0.00796463 0.00363649 0.00361818 0 0.00358276 0.00358002 0.00635703 0.00959103 0.0676227 0.916052 0.0159394 0.00687995 0.00995937 0.00915168 0.0199744 0.00899161 0.012035 0.00874828 0.0113564 0.0154299 0.0778708 0.0160653 0.0111425 0.00903031 0.0144734 0.0226833 0.0454622 0.011335 0.0106917 0.00877514 0.00939988 0.00925512 0.0101688 0.00929528 0.00859801 0.00869266 0.00893933 0.00976243 0.010102 0.010748 0.00979583 0.00866319 0.00928165 
0.00996089 0.00969667 0.010201 0.134726 0.0114456 0.00858233 0.00369008 0.00364204 0.00358276 0 0.00356506 0.0183758 0.0875513 0.814189 0.0247773 0.0230937 0.00664002 0.00979778 0.0110718 0.00989876 0.0600449 0.00900377 0.00933622 0.0106942 0.0340825 0.0141198 0.0358085 0.0112707 0.011282 0.00973428 0.0225133 0.0126227 0.023873 0.0107467 0.00879974 0.0100652 0.0100148 0.00942856 0.00872747 0.00860243 0.00844123 0.010474 0.0093296 0.00970549 0.00956115 0.00869358 0.00935698 0.0086902 
0.0197505 0.0142637 0.0300233 0.00920798 0.0706655 0.0181262 0.00438685 0.00362014 0.00358002 0.00356506 0 0.73005 0.20711 0.00738127 0.00859688 0.00801874 0.00835258 0.014703 0.0157043 0.0302031 0.00917782 0.0173112 0.0132943 0.0211271 0.00953116 0.0117912 0.0111266 0.0154199 0.0138644 0.0114971 0.0104901 0.0154831 0.00910568 0.015217 0.0130216 0.0127576 0.009326 0.00868141 0.00839299 0.00846494 0.0088177 0.0117043 0.00945141 0.00851253 0.00859288 0.00857561 0.00856393 0.0127458 
0.017155 0.0118446 0.0130964 0.00985751 0.0134477 0.0155116 0.00785347 0.00688523 0.00635703 0.0183758 0.73005 0 0.00402479 0.00355017 0.00359203 0.00367481 0.00396484 0.0173507 0.0149216 0.0122453 0.0109765 0.0130832 0.0145206 0.00990896 0.00915014 0.00926179 0.00930457 0.0134437 0.0115656 0.008518 0.00902729 0.00872659 0.00890717 0.0119406 0.0110268 0.00950342 0.00913825 0.00859252 0.00869548 0.00878446 0.00976231 0.00979513 0.0083333 0.00872458 0.0086865 0.00875191 0.0100598 0.00978995 
0.0100001 0.00872875 0.0109197 0.0125014 0.00968339 0.00937992 0.00753788 0.00959361 0.00959103 0.0875513 0.20711 0.00402479 0 0.00356213 0.00359151 0.00355684 0.0035674 0.00875585 0.00991106 0.011665 0.0121668 0.0098368 0.00923748 0.00969932 0.0122541 0.0147957 0.0116315 0.0101275 0.00901649 0.0121394 0.0107779 0.0120778 0.0103053 0.00947746 0.00886189 0.00838619 0.00862898 0.00841808 0.00839964 0.00847807 0.00844321 0.00821551 0.00918487 0.00849466 0.00871753 0.0089213 0.00850075 0.00883277 
0.0102023 0.00872475 0.0113169 0.00994365 0.0102356 0.00942527 0.00989489 0.0156843 0.0676227 0.814189 0.00738127 0.00355017 0.00356213 0 0.00372312 0.00355535 0.00356962 0.00834382 0.0107198 0.0131653 0.0124158 0.00991666 0.00898634 0.0108859 0.0207019 0.0387224 0.023858 0.0106779 0.0101147 0.0121759 0.0354041 0.0290704 0.0142191 0.0103132 0.00866389 0.00892675 0.00975132 0.0102393 0.00982998 0.00870134 0.00853046 0.00888957 0.00933132 0.0105298 0.0108999 0.00969596 0.00900439 0.00857431 
0.0100813 0.00904349 0.0122641 0.0100772 0.0151525 0.00938793 0.0155668 0.0447416 0.916052 0.0247773 0.00859688 0.00359203 0.00359151 0.00372312 0 0.00355901 0.00355376 0.0090029 0.0102232 0.0224717 0.0118363 0.0141327 0.00919335 0.0115494 0.0243348 0.0806587 0.0227014 0.0134014 0.00951265 0.0174285 0.0380987 0.0572611 0.016605 0.01265 0.00866073 0.00904196 0.010179 0.0111176 0.0101379 0.00877321 0.00887401 0.00882203 0.0103924 0.0123043 0.0117176 0.0105414 0.00938178 0.00890136 
0.0108262 0.00967748 0.0109004 0.0282365 0.00992986 0.0109625 0.0552592 0.900952 0.0159394 0.0230937 0.00801874 0.00367481 0.00355684 0.00355535 0.00355901 0 0.00355192 0.00913773 0.0128629 0.0120341 0.063315 0.0109914 0.0102615 0.0116811 0.0208131 0.0163985 0.0448931 0.0139103 0.0103039 0.011222 0.0188315 0.0175641 0.0284986 0.0131286 0.00897705 0.00977556 0.0101214 0.00887836 0.00871378 0.00849603 0.00837847 0.0094497 0.00996311 0.00935917 0.00967869 0.0088722 0.00892721 0.0085866 
0.0192111 0.0135824 0.0214488 0.0105657 0.0205416 0.0182355 0.929593 0.00969254 0.00687995 0.00664002 0.00835258 0.00396484 0.0035674 0.00356962 0.00355376 0.00355192 0 0.0250226 0.0203924 0.0324272 0.0113685 0.0420595 0.016665 0.0211571 0.0121505 0.0127532 0.015773 0.0232603 0.0144772 0.00995389 0.0119178 0.0121508 0.0122965 0.0228895 0.0111961 0.0135501 0.00918551 0.00858775 0.00842558 0.00836376 0.00872399 0.0144098 0.00903739 0.00872036 0.00899239 0.008714 0.00908272 0.010939 
0.0709275 0.0296834 0.0174814 0.00954776 0.0136645 0.250875 0.0159508 0.00975826 0.00995937 0.00979778 0.014703 0.0173507 0.00875585 0.00834382 0.0090029 0.00913773 0.0250226 0 0.105118 0.0156356 0.00721648 0.0104263 0.100846 0.0158619 0.00997907 0.00976473 0.0109681 0.0153027 0.0159179 0.0101934 0.00980863 0.00981801 0.010908 0.0219291 0.0365471 0.0127261 0.0086131 0.00846259 0.00837778 0.00873929 0.0101142 0.0108705 0.00873793 0.00849451 0.00827113 0.00913703 0.00944926 0.0205921 
0.0293235 0.0239091 0.0120013 0.00963866 0.0124028 0.0538227 0.0165738 0.0101676 0.00915168 0.0110718 0.0157043 0.0149216 0.00991106 0.0107198 0.0102232 0.0128629 0.0203924 0.105118 0 0.00869993 0.00731471 0.010781 0.0259484 0.0192135 0.010603 0.00936879 0.012203 0.0204111 0.0172778 0.0100258 0.00949214 0.00948495 0.0112262 0.0188735 0.0350127 0.0152146 0.00929862 0.00862007 0.0085948 0.00888659 0.0119274 0.0128325 0.00882633 0.00856408 0.00851309 0.00895492 0.0114487 0.0237411 
0.0219807 0.0103454 0.0166732 0.00836808 0.027884 0.0185546 0.0181153 0.0106203 0.0199744 0.00989876 0.0302031 0.0122453 0.011665 0.0131653 0.0224717 0.0120341 0.0324272 0.0156356 0.00869993 0 0.00368157 0.00443922 0.00857264 0.0374767 0.0141489 0.0534137 0.0138238 0.0296389 0.013253 0.0173705 0.0119678 0.0160276 0.0122878 0.035792 0.0198996 0.0133358 0.00934112 0.0108525 0.00942426 0.00983206 0.0140124 0.0103169 0.0110417 0.0095885 0.00922651 0.0110646 0.0114299 0.0183448 
0.00834922 0.00856013 0.00858268 0.0530004 0.00836615 0.00940858 0.0109362 0.0336317 0.00899161 0.0600449 0.00917782 0.0109765 0.0121668 0.0124158 0.0118363 0.063315 0.0113685 0.00721648 0.00731471 0.00368157 0 0.00356976 0.00407721 0.0145906 0.110547 0.011879 0.102982 0.0121666 0.0199947 0.0104186 0.0156842 0.0108469 0.040197 0.0112189 0.0111391 0.010258 0.015942 0.0085572 0.00922539 0.00975956 0.00969061 0.0111767 0.00913813 0.00949605 0.0110182 0.00921313 0.0123609 0.00881548 
0.0122688 0.00957984 0.0205977 0.00852277 0.0126094 0.0119645 0.0218431 0.00957785 0.012035 0.00900377 0.0173112 0.0130832 0.0098368 0.00991666 0.0141327 0.0109914 0.0420595 0.0104263 0.010781 0.00443922 0.00356976 0 0.0158207 0.0357666 0.00999121 0.0217088 0.0173629 0.0575651 0.0139493 0.0130136 0.0104704 0.0211377 0.0102395 0.0380988 0.0151714 0.021188 0.0103394 0.0100033 0.00933296 0.009182 0.0101902 0.014566 0.0106451 0.0096406 0.00941828 0.0100714 0.00915797 0.0158751 
0.0422171 0.0245535 0.0126966 0.0085005 0.0106442 0.121817 0.016694 0.00962427 0.00874828 0.00933622 0.0132943 0.0145206 0.00923748 0.00898634 0.00919335 0.0102615 0.016665 0.100846 0.0259484 0.00857264 0.00407721 0.0158207 0 0.0190414 0.00851557 0.00749752 0.00800951 0.0172518 0.0167974 0.00917814 0.00944023 0.00938268 0.0110554 0.0246658 0.100498 0.0145167 0.00920438 0.00846743 0.00842925 0.0087279 0.0110512 0.0131704 0.00900233 0.00850383 0.00836832 0.00874621 0.0100235 0.0247986 
0.0114075 0.00912882 0.00970053 0.00836459 0.0121522 0.014271 0.0204789 0.0118159 0.0113564 0.0106942 0.0211271 0.00990896 0.00969932 0.0108859 0.0115494 0.0116811 0.0211571 0.0158619 0.0192135 0.0374767 0.0145906 0.0357666 0.0190414 0 0.0037803 0.00361988 0.00362415 0.0040154 0.00913372 0.00820721 0.00817348 0.0162159 0.108485 0.836323 0.0169462 0.0164429 0.0110071 0.00976826 0.00932713 0.00970955 0.0194086 0.0133158 0.0109034 0.0102837 0.0101013 0.0106735 0.0164685 0.0149268 
0.00837046 0.00808803 0.00866322 0.0133742 0.00843257 0.00937214 0.0121104 0.0323188 0.0154299 0.0340825 0.00953116 0.00915014 0.0122541 0.0207019 0.0243348 0.0208131 0.0121505 0.00997907 0.010603 0.0141489 0.110547 0.00999121 0.00851557 0.0037803 0 0.00358986 0.00360769 0.00362573 0.00767317 0.00805912 0.0290699 0.0682454 0.855534 0.00954467 0.0109775 0.0124003 0.0212939 0.0112458 0.0110081 0.0121506 0.0107256 0.0119514 0.014994 0.0151062 0.0178783 0.0123632 0.0138709 0.0106629 
0.00843079 0.00803331 0.00991554 0.00871711 0.00939947 0.00859419 0.0129536 0.022975 0.0778708 0.0141198 0.0117912 0.00926179 0.0147957 0.0387224 0.0806587 0.0163985 0.0127532 0.00976473 0.00936879 0.0534137 0.011879 0.0217088 0.00749752 0.00361988 0.00358986 0 0.00357196 0.00358212 0.00663117 0.0159619 0.0862634 0.871057 0.00954599 0.00742368 0.0109337 0.0146927 0.0164674 0.0273647 0.0229915 0.0103011 0.00950817 0.0119816 0.024613 0.0257445 0.0310276 0.0176529 0.010384 0.01042 
0.00846236 0.00819809 0.00863616 0.0113116 0.00858272 0.00884542 0.0121627 0.034776 0.0160653 0.0358085 0.0111266 0.00930457 0.0116315 0.023858 0.0227014 0.0448931 0.015773 0.0109681 0.012203 0.0138238 0.102982 0.0173629 0.00800951 0.00362415 0.00360769 0.00357196 0 0.00357912 0.0232649 0.153922 0.766766 0.0126024 0.0151203 0.00828156 0.0125133 0.0145057 0.0239398 0.0125376 0.0115601 0.0125519 0.0101076 0.0132069 0.01909 0.0179966 0.0170726 0.0193498 0.0133105 0.0118552 
0.010607 0.0104014 0.0106202 0.00900738 0.00997965 0.0109244 0.0244337 0.0111017 0.0111425 0.0112707 0.0154199 0.0134437 0.0101275 0.0106779 0.0134014 0.0139103 0.0232603 0.0153027 0.0204111 0.0296389 0.0121666 0.0575651 0.0172518 0.0040154 0.00362573 0.00358212 0.00357912 0 0.794162 0.22579 0.00777475 0.00899777 0.0130394 0.0101858 0.0190814 0.0317343 0.0133752 0.0107211 0.0100005 0.00980034 0.0128927 0.0273817 0.0125386 0.0114458 0.0119159 0.0113737 0.0172183 0.0194403 
0.01019 0.00986926 0.00902021 0.00983507 0.0100127 0.0118234 0.0105591 0.00993163 0.00903031 0.011282 0.0138644 0.0115656 0.00901649 0.0101147 0.00951265 0.0103039 0.0144772 0.0159179 0.0172778 0.013253 0.0199947 0.0139493 0.0167974 0.00913372 0.00767317 0.00663117 0.0232649 0.794162 0 0.00401588 0.00357237 0.0036253 0.00393497 0.0042679 0.0337309 0.0284461 0.0156674 0.0110157 0.0118111 0.0129026 0.0272577 0.0235966 0.0102379 0.0131807 0.0127615 0.0107739 0.040996 0.0141691 
0.00868901 0.0081438 0.00884643 0.00838926 0.00895161 0.00850134 0.00983243 0.0116255 0.0144734 0.00973428 0.0114971 0.008518 0.0121394 0.0121759 0.0174285 0.011222 0.00995389 0.0101934 0.0100258 0.0173705 0.0104186 0.0130136 0.00917814 0.00820721 0.00805912 0.0159619 0.153922 0.22579 0.00401588 0 0.00359872 0.00360897 0.00358708 0.00362265 0.0165465 0.0231083 0.0144227 0.0130205 0.010289 0.0138483 0.0102133 0.0107395 0.0240093 0.0121549 0.0116111 0.0221669 0.010036 0.0135379 
0.00831908 0.00803913 0.00871664 0.00883544 0.008668 0.00832979 0.0113969 0.0231329 0.0226833 0.0225133 0.0104901 0.00902729 0.0107779 0.0354041 0.0380987 0.0188315 0.0119178 0.00980863 0.00949214 0.0119678 0.0156842 0.0104704 0.00944023 0.00817348 0.0290699 0.0862634 0.766766 0.00777475 0.00357237 0.00359872 0 0.00360397 0.0035635 0.00357977 0.0132206 0.0148585 0.030111 0.022707 0.0226521 0.011423 0.0102322 0.0137758 0.0166493 0.0334663 0.0390473 0.0127497 0.0139151 0.0174875 
0.00835033 0.00804088 0.00886235 0.00881782 0.00892386 0.00824446 0.0109747 0.0199834 0.0454622 0.0126227 0.0154831 0.00872659 0.0120778 0.0290704 0.0572611 0.0175641 0.0121508 0.00981801 0.00948495 0.0160276 0.0108469 0.0211377 0.00938268 0.0162159 0.0682454 0.871057 0.0126024 0.00899777 0.0036253 0.00360897 0.00360397 0 0.00354635 0.00357082 0.0127143 0.0214593 0.0206571 0.042435 0.0210439 0.0121312 0.0115877 0.0122284 0.0246093 0.0379046 0.0279258 0.0197667 0.0117953 0.0148505 
0.00850847 0.0081516 0.00849426 0.00984731 0.00830039 0.00891572 0.0124954 0.0205811 0.011335 0.023873 0.00910568 0.00890717 0.0103053 0.0142191 0.016605 0.0284986 0.0122965 0.010908 0.0112262 0.0122878 0.040197 0.0102395 0.0110554 0.108485 0.855534 0.00954599 0.0151203 0.0130394 0.00393497 0.00358708 0.0035635 0.00354635 0 0.00356379 0.0150037 0.0191586 0.0335852 0.0134206 0.0121183 0.0139118 0.0102944 0.0146604 0.0188264 0.0157665 0.0153352 0.0167415 0.0133143 0.0128425 
0.0118362 0.00980898 0.0134485 0.00835902 0.0103541 0.0124109 0.0183199 0.010074 0.0106917 0.0107467 0.015217 0.0119406 0.00947746 0.0103132 0.01265 0.0131286 0.0228895 0.0219291 0.0188735 0.035792 0.0112189 0.0380988 0.0246658 0.836323 0.00954467 0.00742368 0.00828156 0.0101858 0.0042679 0.00362265 0.00357977 0.00357082 0.00356379 0 0.0343481 0.042803 0.0157338 0.0136389 0.0108078 0.0132056 0.0186698 0.0335942 0.0134523 0.012086 0.0118377 0.0138456 0.0171392 0.0296459 
0.0168623 0.0141741 0.0115605 0.00860126 0.0113309 0.0169792 0.0107975 0.0085381 0.00877514 0.00879974 0.0130216 0.0110268 0.00886189 0.00866389 0.00866073 0.00897705 0.0111961 0.0365471 0.0350127 0.0198996 0.0111391 0.0151714 0.100498 0.0169462 0.0109775 0.0109337 0.0125133 0.0190814 0.0337309 0.0165465 0.0132206 0.0127143 0.0150037 0.0343481 0 0.42709 0.0151418 0.0116858 0.00906704 0.0120356 0.0221516 0.0211666 0.0157149 0.0112784 0.0108039 0.0161686 0.0309373 0.187759 
0.0110621 0.0100013 0.0102231 0.00905458 0.0113731 0.0102901 0.00936536 0.0086602 0.00939988 0.0100652 0.0127576 0.00950342 0.00838619 0.00892675 0.00904196 0.00977556 0.0135501 0.0127261 0.0152146 0.0133358 0.010258 0.021188 0.0145167 0.0164429 0.0124003 0.0146927 0.0145057 0.0317343 0.0284461 0.0231083 0.0148585 0.0214593 0.0191586 0.042803 0.42709 0 0.00411387 0.00404867 0.00399419 0.00551259 0.0113894 0.0122373 0.012206 0.0116555 0.0131927 0.126782 0.400112 0.0654842 
0.0083484 0.00820031 0.00825915 0.00906323 0.00863721 0.00813949 0.00892107 0.0096657 0.00925512 0.0100148 0.009326 0.00913825 0.00862898 0.00975132 0.010179 0.0101214 0.00918551 0.0086131 0.00929862 0.00934112 0.015942 0.0103394 0.00920438 0.0110071 0.0212939 0.0164674 0.0239398 0.0133752 0.0156674 0.0144227 0.030111 0.0206571 0.0335852 0.0157338 0.0151418 0.00411387 0 0.00387064 0.00395753 0.00456928 0.00488956 0.0114324 0.0116752 0.0142075 0.141296 0.299243 0.184082 0.0163461 
0.00832145 0.00810559 0.00865719 0.00830012 0.00858816 0.00814463 0.00867909 0.00940167 0.0101688 0.00942856 0.00868141 0.00859252 0.00841808 0.0102393 0.0111176 0.00887836 0.00858775 0.00846259 0.00862007 0.0108525 0.0085572 0.0100033 0.00846743 0.00976826 0.0112458 0.0273647 0.0125376 0.0107211 0.0110157 0.0130205 0.022707 0.042435 0.0134206 0.0136389 0.0116858 0.00404867 0.00387064 0 0.0038349 0.00384764 0.00405363 0.0116878 0.0155591 0.0870282 0.23046 0.21381 0.0110809 0.0115862 
0.00823161 0.00807535 0.00836836 0.00859782 0.00824473 0.00809307 0.00849082 0.00915099 0.00929528 0.00872747 0.00839299 0.00869548 0.00839964 0.00982998 0.0101379 0.00871378 0.00842558 0.00837778 0.0085948 0.00942426 0.00922539 0.00933296 0.00842925 0.00932713 0.0110081 0.0229915 0.0115601 0.0100005 0.0118111 0.010289 0.0226521 0.0210439 0.0121183 0.0108078 0.00906704 0.00399419 0.00395753 0.0038349 0 0.00387626 0.00380299 0.0110944 0.0263389 0.273229 0.267914 0.00942261 0.0102252 0.00964179 
0.00843044 0.00826557 0.0085712 0.00857413 0.0081721 0.00821791 0.00898265 0.0089211 0.00859801 0.00860243 0.00846494 0.00878446 0.00847807 0.00870134 0.00877321 0.00849603 0.00836376 0.00873929 0.00888659 0.00983206 0.00975956 0.009182 0.0087279 0.00970955 0.0121506 0.0103011 0.0125519 0.00980034 0.0129026 0.0138483 0.011423 0.0121312 0.0139118 0.0132056 0.0120356 0.00551259 0.00456928 0.00384764 0.00387626 0 0.00440254 0.0335431 0.437298 0.178353 0.00900057 0.011536 0.00943778 0.0138885 
0.00901092 0.00930454 0.00944935 0.00846359 0.00861065 0.00914687 0.0100476 0.00875027 0.00869266 0.00844123 0.0088177 0.00976231 0.00844321 0.00853046 0.00887401 0.00837847 0.00872399 0.0101142 0.0119274 0.0140124 0.00969061 0.0101902 0.0110512 0.0194086 0.0107256 0.00950817 0.0101076 0.0128927 0.0272577 0.0102133 0.0102322 0.0115877 0.0102944 0.0186698 0.0221516 0.0113894 0.00488956 0.00405363 0.00380299 0.00440254 0 0.741374 0.0778178 0.00820578 0.00865443 0.00963355 0.0121803 0.0235199 
0.0102155 0.00932439 0.00942704 0.00911836 0.0101047 0.00967223 0.00923462 0.00869294 0.00893933 0.010474 0.0117043 0.00979513 0.00821551 0.00888957 0.00882203 0.0094497 0.0144098 0.0108705 0.0128325 0.0103169 0.0111767 0.014566 0.0131704 0.0133158 0.0119514 0.0119816 0.0132069 0.0273817 0.0235966 0.0107395 0.0137758 0.0122284 0.0146604 0.0335942 0.0211666 0.0122373 0.0114324 0.0116878 0.0110944 0.0335431 0.741374 0 0.00386874 0.00384686 0.00418313 0.004742 0.0131697 0.0327733 
0.00837616 0.00809809 0.00876125 0.00829458 0.0090099 0.00818075 0.00895224 0.00923928 0.00976243 0.0093296 0.00945141 0.0083333 0.00918487 0.00933132 0.0103924 0.00996311 0.00903739 0.00873793 0.00882633 0.0110417 0.00913813 0.0106451 0.00900233 0.0109034 0.014994 0.024613 0.01909 0.0125386 0.0102379 0.0240093 0.0166493 0.0246093 0.0188264 0.0134523 0.0157149 0.012206 0.0116752 0.0155591 0.0263389 0.437298 0.0778178 0.00386874 0 0.00372915 0.00373449 0.00456688 0.00421474 0.0231897 
0.0082076 0.00807537 0.00852196 0.00853987 0.00828442 0.0081185 0.008917 0.00992601 0.010102 0.00970549 0.00851253 0.00872458 0.00849466 0.0105298 0.0123043 0.00935917 0.00872036 0.00849451 0.00856408 0.0095885 0.00949605 0.0096406 0.00850383 0.0102837 0.0151062 0.0257445 0.0179966 0.0114458 0.0131807 0.0121549 0.0334663 0.0379046 0.0157665 0.012086 0.0112784 0.0116555 0.0142075 0.0870282 0.273229 0.178353 0.00820578 0.00384686 0.00372915 0 0.00381721 0.00375262 0.00384609 0.0121166 
0.00807982 0.00799954 0.00836648 0.00885336 0.00817532 0.00800793 0.00903039 0.0101977 0.010748 0.00956115 0.00859288 0.0086865 0.00871753 0.0108999 0.0117176 0.00967869 0.00899239 0.00827113 0.00851309 0.00922651 0.0110182 0.00941828 0.00836832 0.0101013 0.0178783 0.0310276 0.0170726 0.0119159 0.0127615 0.0116111 0.0390473 0.0279258 0.0153352 0.0118377 0.0108039 0.0131927 0.141296 0.23046 0.267914 0.00900057 0.00865443 0.00418313 0.00373449 0.00381721 0 0.00364612 0.0038371 0.0135542 
0.00863099 0.00835307 0.00902776 0.00822596 0.00847051 0.00838499 0.00946103 0.00973645 0.00979583 0.00869358 0.00857561 0.00875191 0.0089213 0.00969596 0.0105414 0.0088722 0.008714 0.00913703 0.00895492 0.0110646 0.00921313 0.0100714 0.00874621 0.0106735 0.0123632 0.0176529 0.0193498 0.0113737 0.0107739 0.0221669 0.0127497 0.0197667 0.0167415 0.0138456 0.0161686 0.126782 0.299243 0.21381 0.00942261 0.011536 0.00963355 0.004742 0.00456688 0.00375262 0.00364612 0 0.00379415 0.228087 
0.00852979 0.00926956 0.00889494 0.00927867 0.00819252 0.00873913 0.0101705 0.00974637 0.00866319 0.00935698 0.00856393 0.0100598 0.00850075 0.00900439 0.00938178 0.00892721 0.00908272 0.00944926 0.0114487 0.0114299 0.0123609 0.00915797 0.0100235 0.0164685 0.0138709 0.010384 0.0133105 0.0172183 0.040996 0.010036 0.0139151 0.0117953 0.0133143 0.0171392 0.0309373 0.400112 0.184082 0.0110809 0.0102252 0.00943778 0.0121803 0.0131697 0.00421474 0.00384609 0.0038371 0.00379415 0 0.144858 
0.0150125 0.0144789 0.0118111 0.00872286 0.0116975 0.0144874 0.0102933 0.00870081 0.00928165 0.0086902 0.0127458 0.00978995 0.00883277 0.00857431 0.00890136 0.0085866 0.010939 0.0205921 0.0237411 0.0183448 0.00881548 0.0158751 0.0247986 0.0149268 0.0106629 0.01042 0.0118552 0.0194403 0.0141691 0.0135379 0.0174875 0.0148505 0.0128425 0.0296459 0.187759 0.0654842 0.0163461 0.0115862 0.00964179 0.0138885 0.0235199 0.0327733 0.0231897 0.0121166 0.0135542 0.228087 0.144858 0 
