1QTNA
DKVYQMKSKPRGYCLIINNHNFAKAREKVPKLHSIRDRNGTHLDAGALTTTFEELHFEIKPHDDCTVEQIYEILKIYQLMDHSNMDCFICCILSHGDKGIIYGTDGQEAPIYELTSQFTGLKCPSLAGKPKVFFIQACQGDNYQKGIPVETD
CCECCCCCCCCCEEEEEECCCCHHHHHHCHHHCCCCCCCCHHHHHHHHHHHHHHCCCEEEEEECCCHHHHHHHHHHHHHCCCCCCCCEEEEEECCEECCEEECCCCCEEEHHHHHHHHCCCCCHHHCCCCEEEEEECCCCCECECCCCCCCC
0 0 0 0 0 0 0 0 0 0 0 0 0 0 0 0 0 0 0 0 0 0 0 0 0 0 0 0 0 0 0 0 0 0 0 0 0 0 0 0 0 0 0 0 0 0 0 0 0 0 0 0 0 0 0 0 0 0 0 0 0 0 0 0 0 0 0 0 0 0 0 0 0 0 0 0 0 0 0 0 0 0 0 0 0 0 0 0 0 0 0 0 0 0 0 0 0 0 0 0 0 0 0 0 0 0 0 0 0 0 0 0 0 0 0 0 0 0 0 0 0 0 0 0 0 0 0 0 0 0 0 0 0 0 0 0 0 0 0 0 0 0 0 0 0 0 0 0 0 0 0 0 
0 0 0 0 0 0 0 0 0 0 0 0 0 0 0 0 0 0 0 0 0 0 0 0 0 0 0 0 0 0 0 0 0 0 0 0 0 0 0 0 0 0 0 0 0 0 0 0 0 0 0 0 0 0 0 0 0 0 0 0 0 0 0 0 0 0 0 0 0 0 0 0 0 0 0 0 0 0 0 0 0 0 0 0 0 0 0 0 0 0 0 0 0 0 0 0 0 0 0 0 0 0 0 0 0 0 0 0 0 0 0 0 0 0 0 0 0 0 0 0 0 0 0 0 0 0 0 0 0 0 0 0 0 0 0 0 0 0 0 0 0 0 0 0 0 0 0 0 0 0 0 0 
0 0.0337726 0.013746 0.00742206 0.00743015 0.0123548 0.0207734 0.01894 0.00958625 0.00831754 0.00811064 0.00851961 0.010079 0.0112096 0.00834424 0.0083471 0.0083485 0.00853659 0.00938832 0.0100459 0.00854368 0.00965967 0.00825153 0.0101914 0.00934207 0.00827707 0.00969428 0.00920532 0.00807616 0.00812688 0.00806577 0.00819931 0.00869571 0.0103654 0.0105435 
0.0337726 0 0.00382865 0.00358729 0.00360308 0.00367164 0.00503699 0.306841 0.0113601 0.00945797 0.00877904 0.0100457 0.0132872 0.0195135 0.0149693 0.0136052 0.0143875 0.0139003 0.017969 0.00850909 0.00880429 0.0096817 0.00887867 0.0136645 0.00866197 0.00849192 0.011816 0.0103529 0.00938635 0.010078 0.0102156 0.00983062 0.0111674 0.00842241 0.00832791 
0.013746 0.00382865 0 0.00359362 0.00356782 0.00496636 0.00363421 0.0320441 0.259454 0.0121635 0.0118557 0.0147198 0.00946239 0.0140066 0.0524432 0.0307836 0.051682 0.0348106 0.011224 0.00868147 0.00833171 0.00992485 0.0115179 0.0103877 0.00834459 0.00990564 0.00854909 0.00989721 0.0142164 0.0165842 0.0163139 0.0138323 0.0091746 0.00797129 0.00796798 
0.00742206 0.00358729 0.00359362 0 0.00356961 0.0035667 0.00356991 0.0305593 0.0311571 0.240899 0.0199811 0.0124776 0.00967649 0.021099 0.0422313 0.18567 0.134543 0.0433243 0.013066 0.00872005 0.00836031 0.0110641 0.013828 0.0124111 0.00857091 0.00892703 0.0086735 0.010483 0.021213 0.0492082 0.0464581 0.018138 0.00968148 0.00801775 0.00795198 
0.00743015 0.00360308 0.00356782 0.00356961 0 0.00355095 0.00355667 0.0282668 0.0576565 0.0319606 0.228317 0.0114681 0.0111177 0.0159041 0.0753535 0.123885 0.219689 0.0402736 0.0150014 0.00852772 0.00823038 0.0113583 0.0141975 0.0139856 0.0086962 0.00875302 0.00888327 0.010186 0.0206779 0.0578995 0.0469449 0.0188139 0.00997827 0.00796314 0.0079157 
0.0123548 0.00367164 0.00496636 0.0035667 0.00355095 0 0.00381999 0.0149728 0.0404715 0.0204568 0.0154906 0.271698 0.015417 0.0167894 0.0433197 0.0458616 0.0407031 0.136514 0.018107 0.00928638 0.00866063 0.0106911 0.0248786 0.015011 0.00838243 0.0110924 0.0086797 0.0101855 0.0186343 0.0221912 0.020546 0.0224073 0.0103323 0.0080749 0.00790488 
0.0207734 0.00503699 0.00363421 0.00356991 0.00355667 0.00381999 0 0.0255163 0.0121949 0.0111383 0.011451 0.0171985 0.210089 0.0273988 0.0125403 0.0127143 0.0131763 0.0175022 0.0327111 0.0118352 0.0087488 0.0139822 0.0098375 0.0199044 0.0101559 0.00832884 0.00948085 0.0130752 0.00895562 0.0103704 0.0100982 0.00990747 0.010507 0.00937827 0.00875584 
0.01894 0.306841 0.0320441 0.0305593 0.0282668 0.0149728 0.0255163 0 0.00377931 0.0038478 0.00358655 0.00411594 0.0042108 0.0411061 0.0114778 0.0115635 0.0110693 0.0122306 0.0143412 0.00967811 0.0110843 0.0145559 0.0096187 0.0173634 0.0190145 0.00865965 0.0492335 0.0122861 0.00892611 0.0102844 0.0101127 0.00881306 0.011404 0.0101164 0.0103287 
0.00958625 0.0113601 0.259454 0.0311571 0.0576565 0.0404715 0.0121949 0.00377931 0 0.00354075 0.0035732 0.00371211 0.00404964 0.0219026 0.0457716 0.0144811 0.0176065 0.0137572 0.0111956 0.0101223 0.00829565 0.0116399 0.0108165 0.00956721 0.00846623 0.0273512 0.00844975 0.00985142 0.0148081 0.0123031 0.0110728 0.0143236 0.00854407 0.00832983 0.00811934 
0.00831754 0.00945797 0.0121635 0.240899 0.0319606 0.0204568 0.0111383 0.0038478 0.00354075 0 0.00353206 0.00354226 0.00354623 0.0117513 0.0121086 0.0263428 0.0152597 0.0110283 0.00863218 0.0082761 0.00813282 0.00888765 0.00880621 0.00908932 0.00983388 0.00831157 0.00986884 0.0087673 0.0089832 0.0147832 0.0163443 0.00876705 0.00850123 0.00795682 0.00802802 
0.00811064 0.00877904 0.0118557 0.0199811 0.228317 0.0154906 0.011451 0.00358655 0.0035732 0.00353206 0 0.00353856 0.00353868 0.0113073 0.0170842 0.0174223 0.0298463 0.0101298 0.0088719 0.00839734 0.00800223 0.00914688 0.00885549 0.00900568 0.00834791 0.00877609 0.00828802 0.00856964 0.0113678 0.0118622 0.0106453 0.0095608 0.00833134 0.00791057 0.00787774 
0.00851961 0.0100457 0.0147198 0.0124776 0.0114681 0.271698 0.0171985 0.00411594 0.00371211 0.00354226 0.00353856 0 0.00367507 0.0110306 0.0184786 0.0163387 0.0167004 0.0357616 0.00907169 0.00864822 0.00855019 0.00935248 0.0110855 0.0093526 0.00868531 0.00931959 0.00910951 0.00883756 0.00992967 0.0096882 0.00945116 0.00933801 0.00861519 0.0080299 0.00799528 
0.010079 0.0132872 0.00946239 0.00967649 0.0111177 0.015417 0.210089 0.0042108 0.00404964 0.00354623 0.00353868 0.00367507 0 0.0176581 0.0117983 0.0120581 0.0139539 0.0198176 0.0495385 0.0107008 0.00857806 0.0123462 0.00903918 0.0134725 0.00962706 0.008576 0.00928805 0.0102286 0.00952995 0.00903436 0.0089234 0.00934039 0.0105643 0.00867229 0.00828438 
0.0112096 0.0195135 0.0140066 0.021099 0.0159041 0.0167894 0.0273988 0.0411061 0.0219026 0.0117513 0.0113073 0.0110306 0.0176581 0 0.003649 0.00360613 0.00362421 0.00373338 0.00405196 0.00429856 0.00724963 0.00820127 0.0113421 0.0453166 0.016601 0.0102459 0.0495929 0.151222 0.0197594 0.0408713 0.0164712 0.0157463 0.0243331 0.0117074 0.0103848 
0.00834424 0.0149693 0.0524432 0.0422313 0.0753535 0.0433197 0.0125403 0.0114778 0.0457716 0.0121086 0.0170842 0.0184786 0.0117983 0.003649 0 0.00358976 0.00359037 0.00363441 0.0035887 0.00446344 0.00495123 0.00776354 0.0217898 0.0128713 0.00981215 0.0290389 0.00943928 0.0231314 0.266037 0.0381988 0.0636402 0.0401584 0.0157888 0.00900056 0.00839104 
0.0083471 0.0136052 0.0307836 0.18567 0.123885 0.0458616 0.0127143 0.0115635 0.0144811 0.0263428 0.0174223 0.0163387 0.0120581 0.00360613 0.00358976 0 0.00355977 0.00360044 0.00358653 0.00371605 0.00456135 0.010346 0.0107324 0.0131657 0.0105798 0.00865664 0.0113797 0.0208429 0.0404892 0.425656 0.0932836 0.0474199 0.0166982 0.00885609 0.00816002 
0.0083485 0.0143875 0.051682 0.134543 0.219689 0.0407031 0.0131763 0.0110693 0.0176065 0.0152597 0.0298463 0.0167004 0.0139539 0.00362421 0.00359037 0.00355977 0 0.00359638 0.00358002 0.0037587 0.00424842 0.00995602 0.0113985 0.017757 0.0101567 0.0112312 0.0132858 0.0175229 0.0923105 0.152714 0.440176 0.0342627 0.021027 0.00876681 0.00814304 
0.00853659 0.0139003 0.0348106 0.0433243 0.0402736 0.136514 0.0175022 0.0122306 0.0137572 0.0110283 0.0101298 0.0357616 0.0198176 0.00373338 0.00363441 0.00360044 0.00359638 0 0.00368974 0.00367282 0.0145296 0.0078707 0.0368431 0.0129196 0.012938 0.0228803 0.00900684 0.0170617 0.0501971 0.0711946 0.0541281 0.330726 0.0263125 0.00931054 0.00849933 
0.00938832 0.017969 0.011224 0.013066 0.0150014 0.018107 0.0327111 0.0143412 0.0111956 0.00863218 0.0088719 0.00907169 0.0495385 0.00405196 0.0035887 0.00358653 0.00358002 0.00368974 0 0.0166478 0.00452776 0.014137 0.00906403 0.0944844 0.0110892 0.0081407 0.00848173 0.0234823 0.0136201 0.0166896 0.0222225 0.0276442 0.220599 0.0118737 0.0101042 
0.0100459 0.00850909 0.00868147 0.00872005 0.00852772 0.00928638 0.0118352 0.00967811 0.0101223 0.0082761 0.00839734 0.00864822 0.0107008 0.00429856 0.00446344 0.00371605 0.0037587 0.00367282 0.0166478 0 0.00593906 0.00477177 0.79109 0.0180847 0.00682538 0.0118519 0.00839169 0.0103205 0.0130241 0.00979338 0.00898114 0.0121061 0.0140786 0.0103455 0.0114055 
0.00854368 0.00880429 0.00833171 0.00836031 0.00823038 0.00866063 0.0087488 0.0110843 0.00829565 0.00813282 0.00800223 0.00855019 0.00857806 0.00724963 0.00495123 0.00456135 0.00424842 0.0145296 0.00452776 0.00593906 0 0.90435 0.00737586 0.00541474 0.00724259 0.00603298 0.00585242 0.0136495 0.00867174 0.00907158 0.00873559 0.00919128 0.0104488 0.00958379 0.00921023 
0.00965967 0.0096817 0.00992485 0.0110641 0.0113583 0.0106911 0.0139822 0.0145559 0.0116399 0.00888765 0.00914688 0.00935248 0.0123462 0.00820127 0.00776354 0.010346 0.00995602 0.0078707 0.014137 0.00477177 0.90435 0 0.00462051 0.00379315 0.00903845 0.00621426 0.878635 0.024277 0.0188822 0.0143079 0.0142418 0.0132071 0.0194807 0.0116301 0.0117744 
0.00825153 0.00887867 0.0115179 0.013828 0.0141975 0.0248786 0.0098375 0.0096187 0.0108165 0.00880621 0.00885549 0.0110855 0.00903918 0.0113421 0.0217898 0.0107324 0.0113985 0.0368431 0.00906403 0.79109 0.00737586 0.00462051 0 0.00404427 0.00646679 0.919719 0.00611025 0.016547 0.0434464 0.025945 0.0215432 0.0575957 0.0181101 0.00940356 0.00850384 
0.0101914 0.0136645 0.0103877 0.0124111 0.0139856 0.015011 0.0199044 0.0173634 0.00956721 0.00908932 0.00900568 0.0093526 0.0134725 0.0453166 0.0128713 0.0131657 0.017757 0.0129196 0.0944844 0.0180847 0.00541474 0.00379315 0.00404427 0 0.921482 0.00491456 0.00712896 0.0230745 0.0152443 0.0212162 0.0248634 0.0292146 0.0925806 0.0132912 0.0106766 
0.00934207 0.00866197 0.00834459 0.00857091 0.0086962 0.00838243 0.0101559 0.0190145 0.00846623 0.00983388 0.00834791 0.00868531 0.00962706 0.016601 0.00981215 0.0105798 0.0101567 0.012938 0.0110892 0.00682538 0.00724259 0.00903845 0.00646679 0.921482 0 0.00374081 0.00360381 0.0367234 0.0144528 0.0121134 0.0116278 0.010254 0.0167998 0.0108472 0.0114376 
0.00827707 0.00849192 0.00990564 0.00892703 0.00875302 0.0110924 0.00832884 0.00865965 0.0273512 0.00831157 0.00877609 0.00931959 0.008576 0.0102459 0.0290389 0.00865664 0.0112312 0.0228803 0.0081407 0.0118519 0.00603298 0.00621426 0.919719 0.00491456 0.00374081 0 0.00355962 0.0128437 0.0458582 0.0126783 0.0118469 0.0372515 0.00962471 0.0103896 0.00860537 
0.00969428 0.011816 0.00854909 0.0086735 0.00888327 0.0086797 0.00948085 0.0492335 0.00844975 0.00986884 0.00828802 0.00910951 0.00928805 0.0495929 0.00943928 0.0113797 0.0132858 0.00900684 0.00848173 0.00839169 0.00585242 0.878635 0.00611025 0.00712896 0.00360381 0.00355962 0 0.011596 0.0131777 0.0171165 0.0156007 0.0119068 0.027908 0.0159244 0.0125279 
0.00920532 0.0103529 0.00989721 0.010483 0.010186 0.0101855 0.0130752 0.0122861 0.00985142 0.0087673 0.00856964 0.00883756 0.0102286 0.151222 0.0231314 0.0208429 0.0175229 0.0170617 0.0234823 0.0103205 0.0136495 0.024277 0.016547 0.0230745 0.0367234 0.0128437 0.011596 0 0.0038235 0.0035822 0.00366099 0.00360127 0.00444415 0.00852845 0.0138676 
0.00807616 0.00938635 0.0142164 0.021213 0.0206779 0.0186343 0.00895562 0.00892611 0.0148081 0.0089832 0.0113678 0.00992967 0.00952995 0.0197594 0.266037 0.0404892 0.0923105 0.0501971 0.0136201 0.0130241 0.00867174 0.0188822 0.0434464 0.0152443 0.0144528 0.0458582 0.0131777 0.0038235 0 0.00358344 0.00363897 0.00371963 0.00360514 0.00644012 0.0071569 
0.00812688 0.010078 0.0165842 0.0492082 0.0578995 0.0221912 0.0103704 0.0102844 0.0123031 0.0147832 0.0118622 0.0096882 0.00903436 0.0408713 0.0381988 0.425656 0.152714 0.0711946 0.0166896 0.00979338 0.00907158 0.0143079 0.025945 0.0212162 0.0121134 0.0126783 0.0171165 0.0035822 0.00358344 0 0.00357889 0.00357772 0.00357425 0.00656432 0.00622902 
0.00806577 0.0102156 0.0163139 0.0464581 0.0469449 0.020546 0.0100982 0.0101127 0.0110728 0.0163443 0.0106453 0.00945116 0.0089234 0.0164712 0.0636402 0.0932836 0.440176 0.0541281 0.0222225 0.00898114 0.00873559 0.0142418 0.0215432 0.0248634 0.0116278 0.0118469 0.0156007 0.00366099 0.00363897 0.00357889 0 0.00357403 0.00357846 0.00578809 0.00683704 
0.00819931 0.00983062 0.0138323 0.018138 0.0188139 0.0224073 0.00990747 0.00881306 0.0143236 0.00876705 0.0095608 0.00933801 0.00934039 0.0157463 0.0401584 0.0474199 0.0342627 0.330726 0.0276442 0.0121061 0.00919128 0.0132071 0.0575957 0.0292146 0.010254 0.0372515 0.0119068 0.00360127 0.00371963 0.00357772 0.00357403 0 0.00359432 0.00981704 0.00637774 
0.00869571 0.0111674 0.0091746 0.00968148 0.00997827 0.0103323 0.010507 0.011404 0.00854407 0.00850123 0.00833134 0.00861519 0.0105643 0.0243331 0.0157888 0.0166982 0.021027 0.0263125 0.220599 0.0140786 0.0104488 0.0194807 0.0181101 0.0925806 0.0167998 0.00962471 0.027908 0.00444415 0.00360514 0.00357425 0.00357846 0.00359432 0 0.0347403 0.00808211 
0.0103654 0.00842241 0.00797129 0.00801775 0.00796314 0.0080749 0.00937827 0.0101164 0.00832983 0.00795682 0.00791057 0.0080299 0.00867229 0.0117074 0.00900056 0.00885609 0.00876681 0.00931054 0.0118737 0.0103455 0.00958379 0.0116301 0.00940356 0.0132912 0.0108472 0.0103896 0.0159244 0.00852845 0.00644012 0.00656432 0.00578809 0.00981704 0.0347403 0 0.104792 
0.0105435 0.00832791 0.00796798 0.00795198 0.0079157 0.00790488 0.00875584 0.0103287 0.00811934 0.00802802 0.00787774 0.00799528 0.00828438 0.0103848 0.00839104 0.00816002 0.00814304 0.00849933 0.0101042 0.0114055 0.00921023 0.0117744 0.00850384 0.0106766 0.0114376 0.00860537 0.0125279 0.0138676 0.0071569 0.00622902 0.00683704 0.00637774 0.00808211 0.104792 0 
