1R8AA
MKVEEILEKALELVIPDEEEVRKGREAEEELRRRLDELGVEYVFVGSYARNTWLKGSLEIDVFLLFPEEFSKEELRERGLEIGKAVLDSYEIRYAEHPYVHGVVKGVEVDVVPCYKLKEPKNIKSAVDRTPFHHKWLEGRIKGKENEVRLLKGFLKANGIYGAEYKVRGFSGYLCELLIVFYGSFLETVKNARRWTRRTVIDVAKGEVRKGEEFFVVDPVDEKRNVAANLSLDNLARFVHLCREFMEAPSLGFFKPKHPLEIEPERLRKIVEERGTAVFAVKFRKPDIVDDNLYPQLERASRKIFEFLERENFMPLRSAFKASEEFCYLLFECQIKEISRVFRRMGPQFEDERNVKKFLSRNRAFRPFIENGRWWAFEMRKFTTPEEGVRSYASTHWHTLGKNVGESIREYFEIISGEKLFKEPVTAELCEMMGVKD
CCHHHHHHHHHHHHCCCHHHHHHHHHHHHHHHHHHHHHCCCEEEEHHHHCCCCCCCCCCEEEEEEECCCCCCCHHHHHHHHHHHHHCCECCEEECCCEEEEEECCCCEEEEEEEECCCCCCCCCCCCCCHHHHHHHHCCCCCCCHHHHHHHHHHHHHCCCECCCCCCCCECHHHHHHHHHHHCCHHHHHHHHCCCCCCEEEEHHHCEEEECCCCEEECCCCCCCECCCCCCHHHHHHHHHHHHHHHHCCCHHHHCCCCCCCCCHHHHHHHHHHHCCEEEEEEEECCCCCHHHHHHHHHHHHHHHHHHHHHCCCCEEEEEEEECCCEEEEEEEECCCCCCCEEEEEEEECCCHHHHHHHHHCCCCCCCEEECCEEEEEEECCCCCHHHHHHHHHHHCHHHCCHHHHHHHHHCEEEEEHHHHCCCCCHHHHHHHHCCCC
0 0 0 0 0 0 0 0 0 0 0 0 0 0 0 0 0 0 0 0 0 0 0 0 0 0 0 0 0 0 0 0 0 0 0 0 0 0 0 0 0 0 0 0 0 0 0 0 0 0 0 0 0 0 0 0 0 0 0 0 0 0 0 0 0 0 0 0 0 0 0 0 0 0 0 0 0 0 0 0 0 0 0 0 0 0 0 0 0 0 0 0 0 0 0 0 0 0 0 0 0 0 0 0 0 0 0 0 0 0 0 0 0 0 0 0 0 0 0 0 0 0 0 0 0 0 0 0 0 0 0 0 0 0 0 0 0 0 0 0 0 0 0 0 0 0 0 0 0 0 0 0 0 0 0 0 0 0 0 0 0 0 0 0 0 0 0 0 0 0 0 0 0 0 0 0 0 0 0 0 0 0 0 0 0 0 0 0 0 0 0 0 0 0 0 0 0 0 0 0 0 0 0 0 0 0 0 0 0 0 0 0 0 0 0 0 0 0 0 0 0 0 0 0 0 0 0 0 0 0 0 0 0 0 0 0 0 0 0 0 0 0 0 0 0 0 0 0 0 0 0 0 0 0 0 0 0 0 0 0 0 0 0 0 0 0 0 0 0 0 0 0 0 0 0 0 0 0 0 0 0 0 0 0 0 0 0 0 0 0 0 0 0 0 0 0 0 0 0 0 0 0 0 0 0 0 0 0 0 0 0 0 0 0 0 0 0 0 0 0 0 0 0 0 0 0 0 0 0 0 0 0 0 0 0 0 0 0 0 0 0 0 0 0 0 0 0 0 0 0 0 0 0 0 0 0 0 0 0 0 0 0 0 0 0 0 0 0 0 0 0 0 0 0 0 0 0 0 0 0 0 0 0 0 0 0 0 0 0 0 0 0 0 0 0 0 0 0 0 0 0 0 0 0 0 0 0 0 0 0 0 0 0 0 0 0 0 0 0 0 0 0 0 0 0 0 0 0 0 0 0 0 0 0 0 0 0 
0 0 0 0 0 0 0 0 0 0 0 0 0 0 0 0 0 0 0 0 0 0 0 0 0 0 0 0 0 0 0 0 0 0 0 0 0 0 0 0 0 0 0 0 0 0 0 0 0 0 0 0 0 0 0 0 0 0 0 0 0 0 0 0 0 0 0 0 0 0 0 0 0 0 0 0 0 0 0 0 0 0 0 0 0 0 0 0 0 0 0 0 0 0 0 0 0 0 0 0 0 0 0 0 0 0 0 0 0 0 0 0 0 0 0 0 0 0 0 0 0 0 0 0 0 0 0 0 0 0 0 0 0 0 0 0 0 0 0 0 0 0 0 0 0 0 0 0 0 0 0 0 0 0 0 0 0 0 0 0 0 0 0 0 0 0 0 0 0 0 0 0 0 0 0 0 0 0 0 0 0 0 0 0 0 0 0 0 0 0 0 0 0 0 0 0 0 0 0 0 0 0 0 0 0 0 0 0 0 0 0 0 0 0 0 0 0 0 0 0 0 0 0 0 0 0 0 0 0 0 0 0 0 0 0 0 0 0 0 0 0 0 0 0 0 0 0 0 0 0 0 0 0 0 0 0 0 0 0 0 0 0 0 0 0 0 0 0 0 0 0 0 0 0 0 0 0 0 0 0 0 0 0 0 0 0 0 0 0 0 0 0 0 0 0 0 0 0 0 0 0 0 0 0 0 0 0 0 0 0 0 0 0 0 0 0 0 0 0 0 0 0 0 0 0 0 0 0 0 0 0 0 0 0 0 0 0 0 0 0 0 0 0 0 0 0 0 0 0 0 0 0 0 0 0 0 0 0 0 0 0 0 0 0 0 0 0 0 0 0 0 0 0 0 0 0 0 0 0 0 0 0 0 0 0 0 0 0 0 0 0 0 0 0 0 0 0 0 0 0 0 0 0 0 0 0 0 0 0 0 0 0 0 0 0 0 0 0 0 0 0 0 0 0 0 0 0 0 0 0 0 0 0 0 0 0 0 
0 0.00367898 0.00367146 0.00407535 0.119656 0.0113036 0.0241348 0.0178978 0.0540656 0.0122451 0.0427047 0.0116424 0.0167694 0.00884254 0.0183708 0.0121016 0.00937017 0.0124414 0.0092682 0.0124565 0.0118483 0.00974011 0.017862 0.00951399 0.0157237 0.0100357 0.00979559 0.00955208 0.0156687 0.00905977 0.00897223 0.00941117 0.00846993 0.00870777 0.00902603 0.00805821 0.00800271 0.00799426 0.00832599 0.00861131 0.00840571 0.0089098 0.00939541 0.00840754 0.00843289 0.00850715 0.00842367 0.00850559 0.00838245 0.00840681 0.00848224 0.00870211 0.00837774 0.00830255 0.00839444 0.00835055 0.00833854 0.00832738 0.00851164 0.00866339 0.00839875 0.0084787 0.00859293 0.00850193 0.00860652 0.00835865 0.00936622 0.00873239 0.00869128 0.00841445 0.00844258 0.00835215 0.00834177 0.00831903 0.008435 0.00871022 0.00917102 0.0088498 0.00852516 0.00894051 0.00854394 0.00866256 0.00863307 0.00872713 0.00883103 0.0132687 0.00934151 0.00957765 0.00987263 0.010324 
0.00367898 0 0.00356037 0.00356402 0.0116821 0.112978 0.018527 0.0870707 0.0248461 0.0430819 0.00923853 0.00897751 0.00889662 0.0116415 0.00895698 0.00882406 0.0242226 0.012664 0.0238855 0.0105387 0.00959161 0.011269 0.0108218 0.0358022 0.0186439 0.02456 0.0132636 0.0125996 0.00876162 0.00810728 0.007973 0.00830383 0.00867145 0.00896051 0.00848923 0.0079129 0.00806154 0.00815978 0.00800677 0.00830909 0.0086215 0.00829491 0.00798556 0.00823309 0.00843609 0.00847809 0.00856991 0.00847322 0.00839645 0.00828889 0.00821397 0.00816726 0.00825923 0.00820402 0.00828856 0.00834763 0.0083428 0.00831832 0.00824347 0.00821215 0.00840962 0.00852244 0.00861872 0.008558 0.00852243 0.00838881 0.00835557 0.00829185 0.00839553 0.00832926 0.00838735 0.00827596 0.00827197 0.00831853 0.00825515 0.00852031 0.00852271 0.00836578 0.00839992 0.00857422 0.0085322 0.00855821 0.0085865 0.00853649 0.00855673 0.00882988 0.00912406 0.00925999 0.00893426 0.00898637 
0.00367146 0.00356037 0 0.00355755 0.0166535 0.0152078 0.15854 0.0304184 0.0535874 0.0314708 0.0118343 0.00883624 0.0101658 0.00960669 0.00878384 0.00975263 0.0144574 0.0314048 0.0131563 0.0325127 0.00950109 0.00980515 0.0229741 0.0137974 0.0264833 0.0185451 0.0187351 0.0165963 0.00995209 0.00833872 0.00820392 0.00901703 0.00894515 0.00975718 0.00830275 0.00801161 0.00810831 0.0080644 0.00802436 0.00877576 0.00897138 0.00832397 0.00799794 0.00827764 0.00847595 0.00861934 0.00861657 0.00856575 0.00847298 0.00831327 0.0081015 0.0083127 0.008256 0.00828224 0.00825398 0.00830372 0.00834403 0.00836328 0.00823309 0.00830066 0.00839933 0.00861137 0.00867329 0.00866384 0.00858876 0.0084132 0.00832501 0.00825105 0.00834656 0.00830231 0.00830274 0.00824234 0.00824999 0.00830577 0.008263 0.00840462 0.00849087 0.00825741 0.00830297 0.00852036 0.00853177 0.00856468 0.00852327 0.00843243 0.00835413 0.00937452 0.00895262 0.00900293 0.00877731 0.00872923 
0.00407535 0.00356402 0.00355755 0 0.0130167 0.0373102 0.0110491 0.0198337 0.0131643 0.0236262 0.0233472 0.0167312 0.011862 0.0090162 0.0106832 0.0124261 0.0132417 0.0104331 0.0113912 0.010125 0.0160012 0.0175827 0.0103721 0.0116326 0.0119384 0.0104695 0.0103251 0.0119038 0.0115435 0.0107212 0.00983314 0.00886737 0.00833428 0.00863991 0.00954658 0.00852279 0.00796822 0.00796647 0.00800528 0.00888327 0.00859596 0.00856759 0.00837991 0.00847238 0.00822777 0.00844094 0.0082471 0.00831645 0.00811812 0.00804565 0.00802242 0.00825519 0.00815488 0.00817079 0.00815842 0.0082766 0.00822557 0.00818184 0.00820168 0.00837157 0.00827847 0.00832244 0.00839584 0.00837193 0.00831692 0.00822216 0.00830996 0.00840913 0.00829812 0.00822184 0.00818005 0.00818279 0.00816965 0.00814777 0.00824736 0.00862311 0.0084202 0.00831997 0.00847599 0.00840338 0.00837196 0.00834935 0.00833338 0.00831302 0.00860373 0.00993311 0.00883479 0.00869225 0.0088893 0.00947378 
0.119656 0.0116821 0.0166535 0.0130167 0 0.00378242 0.00358422 0.00379217 0.00386783 0.00370911 0.00576712 0.0168333 0.0328422 0.00911192 0.0176888 0.0252765 0.0141429 0.0190343 0.00980619 0.0188691 0.0115293 0.0146579 0.0850085 0.0105801 0.029705 0.0132727 0.0116746 0.0117995 0.0226914 0.00923198 0.00963344 0.0110823 0.00851226 0.00974303 0.009168 0.00809146 0.008184 0.00790578 0.00849754 0.00899399 0.00862113 0.00999779 0.00897902 0.00841274 0.00828744 0.00845187 0.0083552 0.00857716 0.00820941 0.00844605 0.00820241 0.00854435 0.00824468 0.00816136 0.00828707 0.00826646 0.00821217 0.0082208 0.00850114 0.00858529 0.00830439 0.00831376 0.0084332 0.00841781 0.00846659 0.00825464 0.00919219 0.00843133 0.00845435 0.00825197 0.00826282 0.00827612 0.00826212 0.0082398 0.00833748 0.00831902 0.00884186 0.00850413 0.00823853 0.00861873 0.0082969 0.00835191 0.00830142 0.00849601 0.00855465 0.0113112 0.0087527 0.00891011 0.00901313 0.00922086 
0.0113036 0.112978 0.0152078 0.0373102 0.00378242 0 0.00355965 0.0035724 0.00361883 0.00364056 0.00362454 0.0114908 0.00913667 0.0217029 0.0090175 0.0096758 0.0458198 0.0162718 0.0402437 0.0117756 0.0120727 0.0195992 0.0151992 0.201134 0.0218915 0.0406563 0.0233773 0.0178588 0.0104431 0.00825454 0.00805701 0.0085109 0.0112516 0.00920175 0.00892235 0.00802467 0.0081124 0.00833855 0.00807486 0.00865418 0.00920637 0.00859413 0.00801574 0.00829094 0.00880108 0.00893006 0.00902638 0.0087611 0.00879086 0.00832931 0.00829637 0.00825665 0.00830113 0.00822296 0.00829117 0.00831221 0.0083737 0.00834107 0.00826008 0.00828193 0.00846479 0.00865526 0.00876124 0.00873988 0.00867482 0.00849106 0.00830891 0.00829289 0.00840324 0.00834984 0.008326 0.00824973 0.00827185 0.00829785 0.00826851 0.00836336 0.00849239 0.00833792 0.008325 0.00904994 0.00858527 0.0085602 0.00861937 0.00852098 0.00838117 0.00848516 0.00884132 0.00913582 0.00879052 0.00884173 
0.0241348 0.018527 0.15854 0.0110491 0.00358422 0.00355965 0 0.00359446 0.00366765 0.00360343 0.00367547 0.00977267 0.0173901 0.00895024 0.0104835 0.0106429 0.0203107 0.136399 0.026274 0.0442918 0.010142 0.0119194 0.104958 0.0367522 0.370459 0.0595391 0.07909 0.0229303 0.0129488 0.00828096 0.00832894 0.0092406 0.0114085 0.0146913 0.00889777 0.00803459 0.00838311 0.00820765 0.00811991 0.00962952 0.0106445 0.00971259 0.0080217 0.00840119 0.00953683 0.0107503 0.00990262 0.0101594 0.00887016 0.00860568 0.00822854 0.00832647 0.00836553 0.00840905 0.00841279 0.00856463 0.00867373 0.00854431 0.0082969 0.00831786 0.00862133 0.00924879 0.00960163 0.00972887 0.00952776 0.00869555 0.00848208 0.00827557 0.00848598 0.00848814 0.00852666 0.00846981 0.00843409 0.00835235 0.00828473 0.00837634 0.008465 0.00832477 0.00828579 0.0086824 0.00894402 0.00900062 0.00884167 0.00862321 0.0083699 0.00911175 0.00885651 0.00939792 0.0088555 0.00871821 
0.0178978 0.0870707 0.0304184 0.0198337 0.00379217 0.0035724 0.00359446 0 0.00358371 0.00359653 0.00359741 0.0114615 0.010673 0.0134112 0.00985374 0.0112376 0.0388013 0.0466358 0.108631 0.0207074 0.0149409 0.0189009 0.0267089 0.207347 0.0982569 0.304045 0.0606885 0.0320768 0.0118068 0.00858432 0.00821792 0.00927777 0.0120437 0.0121626 0.00974604 0.00820291 0.00830732 0.00835564 0.00812135 0.010029 0.0109023 0.0101343 0.00808153 0.00852726 0.0102351 0.00971144 0.0101735 0.00974954 0.00966255 0.00856225 0.008306 0.00824107 0.00844069 0.00839309 0.00847758 0.00860062 0.00867713 0.0086807 0.00826517 0.00828822 0.00868723 0.00937632 0.00940745 0.00972717 0.00909561 0.00909063 0.00843775 0.00829291 0.00857286 0.00854608 0.0085205 0.00849938 0.00847967 0.00838473 0.00826323 0.00835535 0.0085136 0.00838482 0.00829083 0.00872555 0.00900695 0.00894753 0.00883811 0.00872493 0.00839815 0.00880304 0.00898822 0.00947676 0.00897991 0.00899367 
0.0540656 0.0248461 0.0535874 0.0131643 0.00386783 0.00361883 0.00366765 0.00358371 0 0.00357421 0.00358463 0.00980873 0.0138961 0.010248 0.0112255 0.0103503 0.021584 0.104337 0.0321413 0.0431296 0.0109711 0.0116851 0.0723356 0.044357 0.232568 0.0681587 0.209728 0.0210264 0.0137675 0.00845214 0.0082394 0.00912061 0.0113222 0.0139024 0.00902969 0.00808683 0.00834767 0.00826775 0.00813876 0.00960662 0.0110666 0.00968222 0.00804969 0.00851176 0.00900225 0.00992704 0.00947762 0.00957221 0.00889444 0.00860781 0.00818651 0.00838248 0.00845092 0.00844076 0.00843624 0.00852417 0.00863992 0.0084891 0.00828814 0.00835789 0.00864753 0.00910024 0.00941227 0.00917763 0.0092377 0.00865189 0.00842009 0.00834511 0.00853044 0.00851222 0.00852433 0.00839489 0.00839795 0.00841343 0.00824146 0.0083555 0.00856872 0.00829794 0.00831107 0.00871081 0.00882366 0.00887793 0.00870781 0.00872701 0.00833216 0.00890982 0.00898974 0.00949438 0.00898534 0.0088378 
0.0122451 0.0430819 0.0314708 0.0236262 0.00370911 0.00364056 0.00360343 0.00359653 0.00357421 0 0.00357493 0.0117838 0.0115026 0.0355752 0.0137734 0.00978838 0.0299888 0.0279844 0.0273317 0.0204002 0.0187288 0.0161439 0.0155071 0.0401891 0.0237481 0.0278483 0.0163509 0.102511 0.0118121 0.00922581 0.00873155 0.0089802 0.00936581 0.00964909 0.00883856 0.00826464 0.00822729 0.00823491 0.00804176 0.00900199 0.00991444 0.00860571 0.00804964 0.00839139 0.00856493 0.00878223 0.00877629 0.00874646 0.00846844 0.00836422 0.00804023 0.00827051 0.00822741 0.00823879 0.00819352 0.00827807 0.00830984 0.0082861 0.00821663 0.00827176 0.00836781 0.00856766 0.0086257 0.00863469 0.00854629 0.00838148 0.00828905 0.00828622 0.00833762 0.00828447 0.00826183 0.00822854 0.0082756 0.00833194 0.00823898 0.00833033 0.00844895 0.00825845 0.00827546 0.00849951 0.00851915 0.00847637 0.00847036 0.00840586 0.00832317 0.00864448 0.00878668 0.00889281 0.00861947 0.00862603 
0.0427047 0.00923853 0.0118343 0.0233472 0.00576712 0.00362454 0.00367547 0.00359741 0.00358463 0.00357493 0 0.0244703 0.0210502 0.0100897 0.0302805 0.0149601 0.0107117 0.0113749 0.00964268 0.019264 0.0125036 0.0146527 0.0148151 0.00952635 0.0115331 0.00957519 0.00948462 0.0110693 0.0335031 0.0109683 0.00998838 0.00953813 0.00839946 0.008625 0.00835319 0.00899472 0.00819515 0.00798464 0.00803529 0.00969024 0.00844124 0.00857961 0.00874102 0.00856588 0.00828116 0.00842043 0.00833209 0.00838981 0.00820533 0.00813491 0.00802991 0.00842761 0.00815342 0.00815231 0.0082109 0.00825593 0.00822235 0.00820624 0.00821175 0.00836425 0.00831514 0.00836071 0.0084013 0.00841847 0.00848723 0.00828838 0.00827728 0.00846596 0.00835807 0.00823424 0.0082146 0.00821293 0.00817853 0.00823378 0.00820738 0.00867515 0.00837451 0.00828426 0.00834843 0.00839899 0.00833643 0.00838097 0.00830108 0.0083285 0.00834602 0.0110529 0.00875281 0.0087418 0.00858616 0.00878162 
0.0116424 0.00897751 0.00883624 0.0167312 0.0168333 0.0114908 0.00977267 0.0114615 0.00980873 0.0117838 0.0244703 0 0.184361 0.00892759 0.00625963 0.00495309 0.00621177 0.00646514 0.0169838 0.00745732 0.0160968 0.0139974 0.00906032 0.00852745 0.0082517 0.00787034 0.00771888 0.00959924 0.0115162 0.0196708 0.0186599 0.00980592 0.008067 0.00814314 0.00916253 0.00942365 0.00801544 0.00803362 0.00856278 0.00890938 0.00798839 0.0085151 0.0113467 0.00829595 0.00792657 0.00796419 0.00794548 0.00799339 0.00794867 0.00799894 0.00815826 0.00827032 0.00798751 0.00791911 0.00798989 0.00795561 0.00794583 0.00795994 0.00819779 0.00826708 0.008007 0.00798511 0.00800902 0.00803442 0.00803675 0.00800079 0.00828732 0.00848052 0.0081199 0.00803459 0.00800164 0.00802385 0.00800283 0.00795478 0.00811506 0.00861231 0.00820678 0.0085037 0.00840435 0.00819185 0.00817308 0.00815028 0.0081575 0.00819536 0.00850767 0.0103357 0.0085603 0.00832098 0.00855284 0.00940409 
0.0167694 0.00889662 0.0101658 0.011862 0.0328422 0.00913667 0.0173901 0.010673 0.0138961 0.0115026 0.0210502 0.184361 0 0.00395488 0.00640952 0.00618927 0.00486882 0.836085 0.00639356 0.0101521 0.00837853 0.00784306 0.0100185 0.00828809 0.00943891 0.00796932 0.00827903 0.009371 0.0352265 0.0102566 0.00890886 0.00953345 0.00813354 0.00873158 0.00921499 0.00857966 0.00834583 0.00808093 0.00875825 0.00851848 0.00818949 0.00929761 0.00883145 0.00833988 0.00797348 0.00806948 0.00810078 0.00803264 0.00799622 0.00804239 0.00814028 0.00837452 0.00800371 0.00791669 0.00808275 0.00806793 0.00808852 0.00807696 0.00824921 0.00829129 0.00816319 0.00811282 0.00820956 0.00816292 0.0081626 0.00806115 0.00861869 0.00824968 0.008206 0.00813159 0.00816976 0.00809148 0.00817158 0.00809197 0.00810813 0.00821121 0.00854364 0.00849894 0.00820923 0.00838761 0.00823953 0.00826858 0.0081852 0.00837164 0.00853338 0.0101585 0.00852341 0.0085313 0.00867534 0.00907002 
0.00884254 0.0116415 0.00960669 0.0090162 0.00911192 0.0217029 0.00895024 0.0134112 0.010248 0.0355752 0.0100897 0.00892759 0.00395488 0 0.00386557 0.0040717 0.941722 0.00462228 0.00552992 0.00598963 0.00623484 0.00963931 0.00963574 0.00900431 0.00812945 0.00794266 0.0084206 0.0157765 0.0103482 0.00914103 0.00828879 0.00832964 0.00859789 0.00830629 0.00839474 0.00827511 0.00818265 0.00821279 0.00802844 0.0080775 0.00848509 0.00811753 0.00813419 0.00805312 0.00819459 0.00817129 0.00810847 0.00825576 0.00804558 0.00803133 0.00800825 0.00796254 0.00797051 0.00791958 0.00803548 0.00810273 0.00802915 0.00806035 0.00800642 0.00804645 0.0081511 0.00812906 0.0081975 0.00818732 0.00814792 0.00816906 0.00802309 0.00815017 0.00817301 0.00814397 0.00810558 0.00810278 0.00807432 0.00812458 0.00800581 0.00830768 0.00829671 0.00815061 0.00815956 0.00829491 0.00821453 0.00824795 0.00823128 0.0082455 0.00825147 0.00838709 0.0084472 0.00844532 0.00830253 0.0083819 
0.0183708 0.00895698 0.00878384 0.0106832 0.0176888 0.0090175 0.0104835 0.00985374 0.0112255 0.0137734 0.0302805 0.00625963 0.00640952 0.00386557 0 0.974019 0.00394404 0.00400938 0.00388216 0.00476357 0.00580423 0.0128321 0.0107991 0.00853786 0.00860883 0.00797978 0.00949402 0.0138659 0.0103684 0.0121145 0.0108279 0.0107581 0.00833308 0.00832652 0.00862711 0.00964946 0.00824547 0.00798393 0.00822764 0.00961532 0.00816625 0.00838019 0.00906121 0.00845066 0.00803615 0.0081375 0.00810903 0.00817438 0.00799792 0.00806163 0.00802099 0.00825428 0.00801991 0.00795971 0.00799375 0.00803989 0.00801298 0.00798921 0.00804883 0.0082537 0.00808947 0.00809783 0.00812364 0.00816975 0.00814334 0.00804032 0.00828462 0.0082972 0.00827455 0.00807044 0.00806708 0.00808245 0.00803809 0.0079947 0.00804238 0.00853092 0.00829229 0.00811415 0.00832178 0.00830829 0.00818835 0.00825364 0.00822183 0.00820533 0.00821994 0.010036 0.00846993 0.00838671 0.00835211 0.00861672 
0.0121016 0.00882406 0.00975263 0.0124261 0.0252765 0.0096758 0.0106429 0.0112376 0.0103503 0.00978838 0.0149601 0.00495309 0.00618927 0.0040717 0.974019 0 0.00358453 0.00361307 0.00358356 0.00357947 0.00385037 0.00606896 0.00600999 0.00588899 0.0139566 0.00697763 0.0622802 0.0193831 0.0209033 0.0117026 0.00979634 0.00929478 0.00827256 0.00953574 0.0097113 0.00808764 0.00811307 0.00794555 0.00854011 0.00866303 0.00840427 0.00938794 0.00880093 0.00822131 0.00811659 0.0081684 0.00816181 0.00818706 0.00806064 0.00799784 0.00800629 0.00806729 0.0080799 0.00790292 0.00809016 0.00803812 0.00805634 0.00801697 0.00809949 0.0081748 0.00812022 0.0080988 0.0082415 0.0080866 0.00815516 0.00801978 0.00818788 0.0081285 0.00806528 0.00809081 0.00804654 0.00809554 0.00806836 0.00804195 0.00806119 0.00814433 0.0081742 0.00815428 0.00806344 0.0081775 0.00814172 0.00817961 0.00816869 0.00814661 0.00814928 0.00883093 0.00821949 0.00822254 0.00828392 0.00848812 
0.00937017 0.0242226 0.0144574 0.0132417 0.0141429 0.0458198 0.0203107 0.0388013 0.021584 0.0299888 0.0107117 0.00621177 0.00486882 0.941722 0.00394404 0.00358453 0 0.00355341 0.00355578 0.00356968 0.00361812 0.00741688 0.00703123 0.00917784 0.00984713 0.267381 0.0284235 0.0137679 0.00986863 0.0097974 0.00878923 0.00884572 0.0127081 0.0113517 0.0120503 0.00811202 0.00826318 0.0084517 0.0081764 0.00897398 0.0109003 0.00920743 0.00825896 0.00821027 0.00871772 0.0087173 0.00881032 0.008772 0.00859376 0.00827606 0.00820823 0.00809651 0.00819318 0.00807111 0.00823057 0.00827062 0.00827654 0.00821224 0.00807545 0.00822524 0.00834986 0.00852477 0.00856701 0.00853126 0.00848029 0.00830595 0.00820604 0.00812725 0.00826313 0.0082299 0.00818607 0.00819685 0.00823212 0.00827491 0.00808308 0.0081941 0.008291 0.0082024 0.00820225 0.00848988 0.00840993 0.00840602 0.00833186 0.00832418 0.00825098 0.00822327 0.00843236 0.00850314 0.00842663 0.00853183 
0.0124414 0.012664 0.0314048 0.0104331 0.0190343 0.0162718 0.136399 0.0466358 0.104337 0.0279844 0.0113749 0.00646514 0.836085 0.00462228 0.00400938 0.00361307 0.00355341 0 0.00355085 0.0035701 0.00358064 0.00618722 0.01084 0.0103269 0.808348 0.0221251 0.0114997 0.0112319 0.00957579 0.00861968 0.00841402 0.009407 0.0112252 0.021657 0.00969089 0.00801912 0.00838709 0.00815796 0.00808895 0.00930424 0.0107616 0.00999905 0.00799994 0.00824027 0.00889395 0.00952266 0.00923887 0.00989381 0.0087182 0.00841521 0.00807538 0.00805884 0.00812776 0.00813351 0.00814662 0.00827876 0.00834461 0.00827074 0.00805583 0.00807616 0.00841069 0.00864521 0.00888867 0.00878701 0.0086803 0.00833177 0.00824899 0.00806524 0.00825593 0.00821963 0.0082098 0.00824202 0.0082503 0.00826188 0.00807372 0.00816436 0.00827384 0.00821548 0.0081209 0.00842906 0.00842532 0.00848041 0.00836998 0.0083414 0.00826208 0.00825571 0.0084465 0.0086062 0.00837301 0.00832601 
0.0092682 0.0238855 0.0131563 0.0113912 0.00980619 0.0402437 0.026274 0.108631 0.0321413 0.0273317 0.00964268 0.0169838 0.00639356 0.00552992 0.00388216 0.00358356 0.00355578 0.00355085 0 0.00354349 0.00356421 0.00685726 0.0075662 0.84304 0.0146036 0.0100089 0.00959684 0.00797755 0.00831876 0.00937209 0.00827757 0.00927805 0.0120326 0.0116592 0.00978841 0.00824204 0.00807646 0.0081954 0.00808249 0.00907726 0.0097693 0.00915376 0.00807172 0.00814924 0.00868822 0.00896782 0.00920543 0.0087957 0.00882054 0.0082077 0.00802352 0.00811294 0.00810814 0.00801044 0.00811572 0.00821595 0.00822161 0.00814217 0.00799575 0.00814741 0.00829019 0.00850018 0.00857428 0.00851195 0.00847334 0.0081897 0.00808353 0.0081357 0.00823928 0.00815642 0.00817197 0.00812619 0.00816909 0.0082101 0.00799033 0.00816273 0.00828337 0.00815685 0.00815174 0.0083884 0.0083429 0.00836314 0.00828251 0.008291 0.00822078 0.00823637 0.00851972 0.0085886 0.00838727 0.00837576 
0.0124565 0.0105387 0.0325127 0.010125 0.0188691 0.0117756 0.0442918 0.0207074 0.0431296 0.0204002 0.019264 0.00745732 0.0101521 0.00598963 0.00476357 0.00357947 0.00356968 0.0035701 0.00354349 0 0.00356291 0.00604764 0.8999 0.0134258 0.0155332 0.00712279 0.00739522 0.0113252 0.0108424 0.00922088 0.00934496 0.00905507 0.00978661 0.0162734 0.00871103 0.00811034 0.00843401 0.0082121 0.00813952 0.00903889 0.0103371 0.0113621 0.0081076 0.00822872 0.00855288 0.00900184 0.00895663 0.00926409 0.00849127 0.0084391 0.00800768 0.0080429 0.00822155 0.0080635 0.00808009 0.00822978 0.00819966 0.00825494 0.00799784 0.00809313 0.00827464 0.00870326 0.00866641 0.00876016 0.00863199 0.00826359 0.0081803 0.00814854 0.00825318 0.0081553 0.00816974 0.00815888 0.00816114 0.00822116 0.00807247 0.00821914 0.0082917 0.00812193 0.00810331 0.00837158 0.00834009 0.00838977 0.00830719 0.00838179 0.00817142 0.00868188 0.00844641 0.00857754 0.00834877 0.00830192 
0.0118483 0.00959161 0.00950109 0.0160012 0.0115293 0.0120727 0.010142 0.0149409 0.0109711 0.0187288 0.0125036 0.0160968 0.00837853 0.00623484 0.00580423 0.00385037 0.00361812 0.00358064 0.00356421 0.00356291 0 0.920389 0.00706811 0.00868195 0.00563581 0.00728911 0.00668766 0.00748525 0.00789903 0.0145382 0.0115745 0.0117384 0.00886859 0.00861982 0.0104938 0.0104198 0.00816 0.00800791 0.00813551 0.0115758 0.00854165 0.00916903 0.00927386 0.00842492 0.00821862 0.00832797 0.00838461 0.00831986 0.00816682 0.00807481 0.00804421 0.00804907 0.00798104 0.00794743 0.00801573 0.00801721 0.00802646 0.00800154 0.00805193 0.00811516 0.00815189 0.00815299 0.00816758 0.00818431 0.00809244 0.00806974 0.00807774 0.00826774 0.00809897 0.00803666 0.00800532 0.0080503 0.00799253 0.00802994 0.00801502 0.0083496 0.00821345 0.00811967 0.00827259 0.00824685 0.008234 0.0082238 0.00818736 0.00816934 0.00820909 0.00886987 0.00850049 0.0084262 0.00843465 0.00858753 
0.00974011 0.011269 0.00980515 0.0175827 0.0146579 0.0195992 0.0119194 0.0189009 0.0116851 0.0161439 0.0146527 0.0139974 0.00784306 0.00963931 0.0128321 0.00606896 0.00741688 0.00618722 0.00685726 0.00604764 0.920389 0 0.00365338 0.00356741 0.00361179 0.00359511 0.00372385 0.00388406 0.00709416 0.0267657 0.0121857 0.0116156 0.00974468 0.00983833 0.016376 0.00896515 0.0080796 0.00878587 0.00928485 0.0100211 0.00946641 0.0112122 0.0111988 0.00857488 0.00816568 0.00843084 0.00848772 0.00835416 0.0083298 0.00812527 0.00869952 0.00811464 0.00804804 0.00800791 0.00813115 0.00803541 0.00806136 0.00817146 0.00819476 0.0082692 0.00811651 0.00823098 0.00830115 0.00823609 0.00849416 0.00821354 0.00823402 0.00819483 0.00814784 0.00806289 0.00813972 0.00808935 0.00811901 0.00805369 0.00804672 0.00852534 0.00818856 0.00832827 0.00853671 0.00820426 0.00820933 0.00821869 0.0082043 0.00818792 0.00846865 0.00844928 0.0084867 0.00841432 0.00845095 0.0089129 
0.017862 0.0108218 0.0229741 0.0103721 0.0850085 0.0151992 0.104958 0.0267089 0.0723356 0.0155071 0.0148151 0.00906032 0.0100185 0.00963574 0.0107991 0.00600999 0.00703123 0.01084 0.0075662 0.8999 0.00706811 0.00365338 0 0.00355921 0.00357031 0.00360799 0.00361564 0.00386651 0.0042895 0.0104786 0.0095843 0.0111507 0.0118334 0.0213298 0.00919178 0.00816201 0.00867359 0.00821752 0.0084189 0.00995286 0.0116709 0.0106336 0.00817813 0.00831143 0.00900987 0.00956566 0.00944619 0.00994719 0.00878965 0.00863812 0.00810317 0.00817984 0.00822019 0.00807334 0.00815346 0.0083289 0.00830741 0.00821504 0.00807475 0.00823972 0.00842036 0.00864238 0.0088778 0.0086959 0.00881563 0.00825691 0.00821042 0.00813574 0.00831032 0.00820313 0.0081431 0.00818047 0.00818074 0.00825919 0.00803403 0.00824173 0.00830614 0.00820582 0.00816112 0.00848069 0.00841394 0.00847289 0.00835828 0.00836359 0.00829863 0.00879594 0.00856407 0.00862588 0.00852754 0.0084686 
0.00951399 0.0358022 0.0137974 0.0116326 0.0105801 0.201134 0.0367522 0.207347 0.044357 0.0401891 0.00952635 0.00852745 0.00828809 0.00900431 0.00853786 0.00588899 0.00917784 0.0103269 0.84304 0.0134258 0.00868195 0.00356741 0.00355921 0 0.00356201 0.00355923 0.00360014 0.00358016 0.00375483 0.0109978 0.00847159 0.00987344 0.0235178 0.0143021 0.0113178 0.00857078 0.0082329 0.00853516 0.00808994 0.0100759 0.0133616 0.00962404 0.00825565 0.00842053 0.00929495 0.00978602 0.0114793 0.00967144 0.0101904 0.00854017 0.00824714 0.00823307 0.00825885 0.00829855 0.00839582 0.0084726 0.00853117 0.0085194 0.00816445 0.00819703 0.00853649 0.0091408 0.00925263 0.00909252 0.00893042 0.00856106 0.00820813 0.0081913 0.00825167 0.00827866 0.00824083 0.00827425 0.00830902 0.00827168 0.0081367 0.00824953 0.00832866 0.00815898 0.00820142 0.00853819 0.00855877 0.00855492 0.0084556 0.00840187 0.00830794 0.00828455 0.00857892 0.00876346 0.00847934 0.00842433 
0.0157237 0.0186439 0.0264833 0.0119384 0.029705 0.0218915 0.370459 0.0982569 0.232568 0.0237481 0.0115331 0.0082517 0.00943891 0.00812945 0.00860883 0.0139566 0.00984713 0.808348 0.0146036 0.0155332 0.00563581 0.00361179 0.00357031 0.00356201 0 0.00356845 0.00355253 0.00357611 0.00373406 0.0116562 0.00890252 0.0121898 0.0211148 0.0298502 0.0105458 0.00852502 0.00886329 0.00845434 0.00827555 0.0121791 0.0149005 0.0125489 0.00835461 0.0089331 0.0103438 0.0126949 0.0127502 0.0138208 0.00965177 0.00925811 0.00819168 0.00824218 0.00836834 0.00844403 0.00846567 0.00855542 0.00863778 0.0085875 0.00819845 0.00826169 0.00860114 0.00936602 0.0139426 0.0099771 0.0104464 0.00863008 0.00831963 0.00827682 0.00837102 0.00832876 0.0083163 0.0085223 0.00830857 0.0083637 0.00820014 0.00834956 0.00839713 0.00825618 0.00818299 0.00858865 0.00869124 0.00872643 0.00858212 0.00847427 0.00834118 0.00860151 0.00861792 0.0088609 0.00864092 0.00852099 
0.0100357 0.02456 0.0185451 0.0104695 0.0132727 0.0406563 0.0595391 0.304045 0.0681587 0.0278483 0.00957519 0.00787034 0.00796932 0.00794266 0.00797978 0.00697763 0.267381 0.0221251 0.0100089 0.00712279 0.00728911 0.00359511 0.00360799 0.00355923 0.00356845 0 0.00354857 0.00357301 0.00357132 0.0156375 0.00842523 0.00937122 0.01726 0.0208596 0.0109773 0.00833418 0.00830014 0.00833518 0.00823171 0.0102434 0.0127461 0.0119457 0.00799698 0.00846869 0.00960687 0.0102518 0.0110006 0.0098106 0.0096646 0.00841144 0.00807017 0.00805937 0.00815488 0.00812815 0.00820522 0.00829162 0.00847658 0.00836192 0.00800227 0.00810816 0.00845434 0.00917548 0.00961521 0.00914923 0.00891512 0.00839415 0.00811368 0.00806867 0.0081617 0.00810274 0.00811469 0.00815539 0.00818264 0.00821055 0.00806701 0.00814124 0.00824229 0.00814163 0.00803029 0.00844638 0.00850118 0.00852105 0.00836634 0.00835324 0.00816173 0.0082412 0.00853857 0.00863154 0.00838689 0.00829013 
0.00979559 0.0132636 0.0187351 0.0103251 0.0116746 0.0233773 0.07909 0.0606885 0.209728 0.0163509 0.00948462 0.00771888 0.00827903 0.0084206 0.00949402 0.0622802 0.0284235 0.0114997 0.00959684 0.00739522 0.00668766 0.00372385 0.00361564 0.00360014 0.00355253 0.00354857 0 0.00354079 0.00354409 0.010885 0.00883668 0.00963052 0.0151332 0.0176218 0.0101054 0.00833002 0.00828478 0.00828356 0.00804141 0.0095156 0.0114131 0.0104022 0.00801704 0.00834615 0.00916134 0.0103707 0.00953623 0.00946049 0.00879513 0.00850371 0.00804143 0.00813453 0.00820504 0.00822978 0.00818874 0.00828181 0.00831721 0.00832726 0.00803888 0.00809497 0.00842295 0.00886909 0.00895177 0.00884939 0.00876837 0.00842942 0.00808768 0.00812224 0.00823546 0.00813156 0.00811789 0.00824277 0.0081425 0.00824577 0.00809925 0.00818128 0.00830448 0.00813423 0.00804656 0.00842821 0.00844066 0.00852162 0.00831589 0.00832612 0.00820627 0.00824031 0.00846755 0.00857946 0.0083822 0.00834783 
0.00955208 0.0125996 0.0165963 0.0119038 0.0117995 0.0178588 0.0229303 0.0320768 0.0210264 0.102511 0.0110693 0.00959924 0.009371 0.0157765 0.0138659 0.0193831 0.0137679 0.0112319 0.00797755 0.0113252 0.00748525 0.00388406 0.00386651 0.00358016 0.00357611 0.00357301 0.00354079 0 0.00358403 0.015009 0.0108885 0.00980163 0.0140937 0.0171171 0.011976 0.00913251 0.00841696 0.00837822 0.00818869 0.00936766 0.0141907 0.0101247 0.00845323 0.00830589 0.00879582 0.00885791 0.00892691 0.00902328 0.00861229 0.00829679 0.00814395 0.00799335 0.00812072 0.00813603 0.00809953 0.00826436 0.00830679 0.0082167 0.00800074 0.00814187 0.00833308 0.00864801 0.00883021 0.00864762 0.00862217 0.00823089 0.0080898 0.00810867 0.00822637 0.00818065 0.00811914 0.00813118 0.00828386 0.00818702 0.00797148 0.00812383 0.00830081 0.00808569 0.0080793 0.00838069 0.00847793 0.00838947 0.00835202 0.00829625 0.00816764 0.00838122 0.00841721 0.00844795 0.00840162 0.00835798 
0.0156687 0.00876162 0.00995209 0.0115435 0.0226914 0.0104431 0.0129488 0.0118068 0.0137675 0.0118121 0.0335031 0.0115162 0.0352265 0.0103482 0.0103684 0.0209033 0.00986863 0.00957579 0.00831876 0.0108424 0.00789903 0.00709416 0.0042895 0.00375483 0.00373406 0.00357132 0.00354409 0.00358403 0 0.0321266 0.0150472 0.0135277 0.00971326 0.0122965 0.0112387 0.00946177 0.0083405 0.00827946 0.00823191 0.0112666 0.00941518 0.0114687 0.00932494 0.00876406 0.00837426 0.00866335 0.00844414 0.0085282 0.00818387 0.00824108 0.00812538 0.00817586 0.00808373 0.00798979 0.00805744 0.00806101 0.00807612 0.00800001 0.00804903 0.00815554 0.00809996 0.00825267 0.00830546 0.00827508 0.00826148 0.0080297 0.00821918 0.00815148 0.00814795 0.00806339 0.00808611 0.00805678 0.00804632 0.00800012 0.00802061 0.00820984 0.00814443 0.00801451 0.00819013 0.00825805 0.0082441 0.00824473 0.00820092 0.00818252 0.00811069 0.00905102 0.00827835 0.00829503 0.0082646 0.00823521 
0.00905977 0.00810728 0.00833872 0.0107212 0.00923198 0.00825454 0.00828096 0.00858432 0.00845214 0.00922581 0.0109683 0.0196708 0.0102566 0.00914103 0.0121145 0.0117026 0.0097974 0.00861968 0.00937209 0.00922088 0.0145382 0.0267657 0.0104786 0.0109978 0.0116562 0.0156375 0.010885 0.015009 0.0321266 0 0.937985 0.0197427 0.013987 0.0137025 0.0267061 0.0134947 0.00878653 0.00943928 0.0129958 0.0160204 0.0118351 0.0165687 0.0357384 0.00960911 0.00831407 0.00817864 0.0081486 0.00803299 0.00807469 0.00824502 0.00964265 0.00860095 0.00797126 0.00788977 0.00794557 0.00792649 0.00791879 0.00797748 0.00893657 0.00870096 0.00795885 0.00797707 0.00797989 0.00801576 0.00794664 0.00803998 0.00863848 0.00889165 0.00797775 0.00789037 0.00784132 0.00786965 0.00785228 0.00785395 0.00839963 0.00856035 0.0080269 0.00864317 0.00852558 0.00801155 0.00797956 0.00797717 0.00797631 0.00796113 0.00879508 0.00923607 0.0082742 0.00813705 0.00828701 0.00938866 
0.00897223 0.007973 0.00820392 0.00983314 0.00963344 0.00805701 0.00832894 0.00821792 0.0082394 0.00873155 0.00998838 0.0186599 0.00890886 0.00828879 0.0108279 0.00979634 0.00878923 0.00841402 0.00827757 0.00934496 0.0115745 0.0121857 0.0095843 0.00847159 0.00890252 0.00842523 0.00883668 0.0108885 0.0150472 0.937985 0 0.023141 0.0116059 0.0214886 0.0354636 0.0140535 0.00880472 0.00906533 0.0130274 0.018847 0.0111197 0.0156468 0.0586663 0.00964017 0.00829794 0.00810529 0.00816326 0.00811065 0.00803633 0.0081601 0.00926445 0.00874779 0.00794979 0.00784048 0.00785663 0.00790635 0.007881 0.00793142 0.00898163 0.0085617 0.00793871 0.00796936 0.00797844 0.00799188 0.00802436 0.00794099 0.00879201 0.0084486 0.00790492 0.00790272 0.00785391 0.00792205 0.00783196 0.0078936 0.00813373 0.00829864 0.00792547 0.0081874 0.00826127 0.00799806 0.00797321 0.00794289 0.00793938 0.00791148 0.00840454 0.00938923 0.00809393 0.00808823 0.00820596 0.00900744 
0.00941117 0.00830383 0.00901703 0.00886737 0.0110823 0.0085109 0.0092406 0.00927777 0.00912061 0.0089802 0.00953813 0.00980592 0.00953345 0.00832964 0.0107581 0.00929478 0.00884572 0.009407 0.00927805 0.00905507 0.0117384 0.0116156 0.0111507 0.00987344 0.0121898 0.00937122 0.00963052 0.00980163 0.0135277 0.0197427 0.023141 0 0.00618747 0.00362544 0.0042406 0.00534736 0.00593408 0.0208261 0.849898 0.0330935 0.0138656 0.0440455 0.0328524 0.0140083 0.0102053 0.0110223 0.0105313 0.00999758 0.00912848 0.0102221 0.0121981 0.00956643 0.00814561 0.00809943 0.00815878 0.00814442 0.0081965 0.0084416 0.00959139 0.0090326 0.00840112 0.00872283 0.00876617 0.00854913 0.00858234 0.0084202 0.00905655 0.00871603 0.00815022 0.00803304 0.00794653 0.0080796 0.00797679 0.00803721 0.00816629 0.0082295 0.00812651 0.0082804 0.00845013 0.00818483 0.0081442 0.0081591 0.00810415 0.008026 0.00833719 0.0089504 0.00804951 0.00822217 0.00836328 0.00886568 
0.00846993 0.00867145 0.00894515 0.00833428 0.00851226 0.0112516 0.0114085 0.0120437 0.0113222 0.00936581 0.00839946 0.008067 0.00813354 0.00859789 0.00833308 0.00827256 0.0127081 0.0112252 0.0120326 0.00978661 0.00886859 0.00974468 0.0118334 0.0235178 0.0211148 0.01726 0.0151332 0.0140937 0.00971326 0.013987 0.0116059 0.00618747 0 0.0035639 0.00359077 0.00479888 0.00888187 0.838172 0.0215317 0.0367693 0.0630308 0.0122992 0.0159906 0.0111929 0.0244973 0.0217775 0.0248065 0.0161877 0.0178916 0.0103485 0.00917215 0.00829194 0.00850056 0.00853284 0.00837523 0.00858031 0.00890025 0.00930747 0.00829634 0.00825057 0.00892315 0.0116487 0.0106269 0.0110808 0.00956975 0.0093489 0.00832446 0.00824996 0.00833339 0.00830458 0.00832526 0.0083238 0.00827424 0.00823436 0.00810836 0.00805712 0.0083075 0.0080192 0.00800215 0.00866782 0.00860035 0.00878353 0.00842931 0.00833893 0.00810261 0.00809292 0.00831349 0.00846102 0.00841412 0.0081856 
0.00870777 0.00896051 0.00975718 0.00863991 0.00974303 0.00920175 0.0146913 0.0121626 0.0139024 0.00964909 0.008625 0.00814314 0.00873158 0.00830629 0.00832652 0.00953574 0.0113517 0.021657 0.0116592 0.0162734 0.00861982 0.00983833 0.0213298 0.0143021 0.0298502 0.0208596 0.0176218 0.0171171 0.0122965 0.0137025 0.0214886 0.00362544 0.0035639 0 0.00356396 0.00441316 0.838651 0.0131719 0.00623585 0.0221944 0.069388 0.0173313 0.0122702 0.0137769 0.0210306 0.0322238 0.0231425 0.0318576 0.0137247 0.0169861 0.0089651 0.00914105 0.00870941 0.00882942 0.00867231 0.00910808 0.00950199 0.00967172 0.00866387 0.00899667 0.00967924 0.0113038 0.0144679 0.0114071 0.0129371 0.00933771 0.00890636 0.00845383 0.00857361 0.00839563 0.00839831 0.00853639 0.00843803 0.00825615 0.00817397 0.00826553 0.00823426 0.0080286 0.0081259 0.0086094 0.00887919 0.0087723 0.00850695 0.00836845 0.0080966 0.00842112 0.00834816 0.0085926 0.00843926 0.00820377 
0.00902603 0.00848923 0.00830275 0.00954658 0.009168 0.00892235 0.00889777 0.00974604 0.00902969 0.00883856 0.00835319 0.00916253 0.00921499 0.00839474 0.00862711 0.0097113 0.0120503 0.00969089 0.00978841 0.00871103 0.0104938 0.016376 0.00919178 0.0113178 0.0105458 0.0109773 0.0101054 0.011976 0.0112387 0.0267061 0.0354636 0.0042406 0.00359077 0.00356396 0 0.874715 0.00382897 0.00395197 0.00473755 0.0137961 0.00888165 0.0244138 0.0209252 0.0168543 0.0114891 0.0123004 0.0178981 0.0136649 0.0126973 0.00899188 0.0105866 0.0105917 0.00843114 0.0083952 0.00828648 0.00833074 0.00854065 0.0088389 0.00872346 0.0111724 0.00876787 0.00906994 0.00903932 0.00954426 0.00872972 0.00937141 0.00837762 0.00956913 0.00825562 0.00808627 0.00807729 0.00815132 0.00809212 0.00809282 0.00806457 0.00894585 0.00800818 0.00806113 0.00878661 0.00834662 0.00833286 0.00825212 0.00813915 0.00805577 0.00816974 0.00869087 0.00812776 0.00808449 0.00807813 0.00806283 
0.00805821 0.0079129 0.00801161 0.00852279 0.00809146 0.00802467 0.00803459 0.00820291 0.00808683 0.00826464 0.00899472 0.00942365 0.00857966 0.00827511 0.00964946 0.00808764 0.00811202 0.00801912 0.00824204 0.00811034 0.0104198 0.00896515 0.00816201 0.00857078 0.00852502 0.00833418 0.00833002 0.00913251 0.00946177 0.0134947 0.0140535 0.00534736 0.00479888 0.00441316 0.874715 0 0.00394495 0.0037935 0.00622191 0.00541559 0.00523121 0.136189 0.0207278 0.0096705 0.00852206 0.00870374 0.00889839 0.00856539 0.00890225 0.00871713 0.0134872 0.00825759 0.00796403 0.00799831 0.00802404 0.00796055 0.00804209 0.00819233 0.00936571 0.00815864 0.00793466 0.00820549 0.0081039 0.00817161 0.00799212 0.00840398 0.00887699 0.00817328 0.00793183 0.00789519 0.00786901 0.00791013 0.00788674 0.00790847 0.00830634 0.00821751 0.00792985 0.00859097 0.00829016 0.00786697 0.00796807 0.00787567 0.00789047 0.00789814 0.00865665 0.00827731 0.00791309 0.0079291 0.00814068 0.00893955 
0.00800271 0.00806154 0.00810831 0.00796822 0.008184 0.0081124 0.00838311 0.00830732 0.00834767 0.00822729 0.00819515 0.00801544 0.00834583 0.00818265 0.00824547 0.00811307 0.00826318 0.00838709 0.00807646 0.00843401 0.00816 0.0080796 0.00867359 0.0082329 0.00886329 0.00830014 0.00828478 0.00841696 0.0083405 0.00878653 0.00880472 0.00593408 0.00888187 0.838651 0.00382897 0.00394495 0 0.00496995 0.00369955 0.0048793 0.046344 0.0502713 0.00799745 0.00852685 0.00898674 0.00950063 0.00886024 0.00922829 0.00831189 0.00950624 0.00861031 0.00814769 0.0081439 0.00797108 0.00798382 0.00809866 0.00806957 0.00826537 0.00813333 0.00814631 0.00825867 0.00823498 0.00842902 0.00820968 0.00820902 0.00824803 0.00816962 0.00808365 0.00819484 0.00799177 0.0078796 0.00795152 0.00787399 0.00811926 0.00794166 0.00793179 0.00806815 0.00799511 0.00787963 0.00804174 0.00801234 0.00808446 0.00803023 0.00812423 0.0080202 0.00813552 0.00812959 0.00805018 0.00809859 0.00808032 
0.00799426 0.00815978 0.0080644 0.00796647 0.00790578 0.00833855 0.00820765 0.00835564 0.00826775 0.00823491 0.00798464 0.00803362 0.00808093 0.00821279 0.00798393 0.00794555 0.0084517 0.00815796 0.0081954 0.0082121 0.00800791 0.00878587 0.00821752 0.00853516 0.00845434 0.00833518 0.00828356 0.00837822 0.00827946 0.00943928 0.00906533 0.0208261 0.838172 0.0131719 0.00395197 0.0037935 0.00496995 0 0.00377364 0.0193918 0.0535136 0.00515551 0.00758825 0.00929808 0.00978818 0.008629 0.00928168 0.0084716 0.00944469 0.00832327 0.00820628 0.00812462 0.00803558 0.00801508 0.00796514 0.00798215 0.00812916 0.00811988 0.00802054 0.00817708 0.00813272 0.00833082 0.00825399 0.00832981 0.00821926 0.00821029 0.00805684 0.00814309 0.00805938 0.00795824 0.00791513 0.00797542 0.00792905 0.00793541 0.00800271 0.00806602 0.00803086 0.00792404 0.00802446 0.00804344 0.00812234 0.00805691 0.0080775 0.00797021 0.00797025 0.00813536 0.00797598 0.00807474 0.00794885 0.00794901 
0.00832599 0.00800677 0.00802436 0.00800528 0.00849754 0.00807486 0.00811991 0.00812135 0.00813876 0.00804176 0.00803529 0.00856278 0.00875825 0.00802844 0.00822764 0.00854011 0.0081764 0.00808895 0.00808249 0.00813952 0.00813551 0.00928485 0.0084189 0.00808994 0.00827555 0.00823171 0.00804141 0.00818869 0.00823191 0.0129958 0.0130274 0.849898 0.0215317 0.00623585 0.00473755 0.00622191 0.00369955 0.00377364 0 0.114254 0.00589157 0.00509248 0.0105708 0.0127151 0.00899838 0.00892611 0.00880915 0.00873077 0.00835308 0.00845975 0.00828333 0.00894674 0.00805274 0.00793938 0.00792326 0.00801146 0.00798387 0.00802014 0.00807763 0.0091184 0.0081402 0.00813779 0.00809471 0.00810604 0.00806483 0.00808821 0.00812204 0.00879696 0.00810747 0.00796778 0.00791292 0.00792814 0.00792436 0.00794174 0.00800062 0.00842178 0.00796719 0.00794619 0.00809876 0.00808859 0.00800776 0.00804758 0.00794044 0.00794453 0.00802189 0.00885169 0.00804229 0.00798181 0.00791563 0.00806361 
