1R94B
MSITLSDSAAARVNTFLANRGKGFGLRLGVRTSGCSGMAYVLEFVDEPTPEDIVFEDKGVKVVVDGKSLQFLDGTQLDFVKEGLNEGFKFTNPNVKD
CCCEECHHHHHHHHHHHHHHCCCCEEEEEEEECCCCCEEEEEEEECCCCCCEEEEEECCEEEEEEHHHHHHHCCCEEEEEEECCEEEEEEECCCCCC
0 0 0 0 0 0 0 0 0 0 0 0 0 0 0 0 0 0 0 0 0 0 0 0 0 0 0 0 0 0 0 0 0 0 0 0 0 0 0 0 0 0 0 0 0 0 0 0 0 0 0 0 0 0 0 0 0 0 0 0 0 0 0 0 0 0 0 0 0 0 0 0 0 0 0 0 0 0 0 0 0 0 0 0 0 0 0 0 0 0 0 0 0 0 0 0 0 
0 0 0 0 0 0 0 0 0 0 0 0 0 0 0 0 0 0 0 0 0 0 0 0 0 0 0 0 0 0 0 0 0 0 0 0 0 0 0 0 0 0 0 0 0 0 0 0 0 0 0 0 0 0 0 0 0 0 0 0 0 0 0 0 0 0 0 0 0 0 0 0 0 0 0 0 0 0 0 0 0 0 0 0 0 0 0 0 0 0 0 0 0 0 0 0 0 
0 0.00519935 0.0742233 0.0182303 0.0387524 0.0119192 0.0174594 0.01027 0.0166143 0.0143699 0.0166158 0.0111037 0.0124121 0.011331 0.00937621 0.0122326 0.0127481 0.0133069 0.0148153 0.0118432 0.0134207 0.00914105 0.0157528 0.0100483 0.0103935 0.0175313 0.0103254 0.0133438 0.0100135 0.0214 0.0173178 0.00823751 0.0109989 0.00835139 0.00851664 0.00846534 0.0104941 0.00957021 0.00810959 0.00836123 0.00798336 0.010605 0.00827106 0.0147799 
0.00519935 0 0.0219071 0.040669 0.0109313 0.0189352 0.0108349 0.0103377 0.0104791 0.0188396 0.0138222 0.0114561 0.00909395 0.00892615 0.0102661 0.00875849 0.0104267 0.0148815 0.016108 0.0121841 0.00893642 0.0106287 0.00895343 0.0150638 0.0341213 0.00912806 0.0127902 0.00917791 0.0146746 0.00984322 0.0106202 0.0148775 0.00820571 0.00928173 0.00842982 0.0084011 0.00940824 0.0099795 0.00857418 0.00809465 0.0085059 0.00808273 0.012804 0.00876948 
0.0742233 0.0219071 0 0.00392089 0.00365517 0.00365891 0.00380254 0.0038738 0.00469132 0.026526 0.00740832 0.00720846 0.00933079 0.00874569 0.00801918 0.0107915 0.0174469 0.82643 0.021152 0.0124088 0.0142921 0.00949227 0.0161707 0.0165271 0.0123207 0.0157312 0.0109705 0.0193731 0.0111147 0.0298993 0.0165618 0.00888199 0.0109272 0.00926059 0.00896157 0.00945105 0.0157534 0.00936681 0.00817975 0.00854291 0.00826152 0.00980036 0.00865157 0.0257418 
0.0182303 0.040669 0.00392089 0 0.00357113 0.00358275 0.00357582 0.0036604 0.00571771 0.005267 0.00590138 0.0101386 0.00787523 0.00821268 0.00915689 0.0097365 0.892203 0.0174541 0.00979267 0.0563742 0.0112347 0.0281597 0.0100935 0.0113194 0.0169882 0.010178 0.0709637 0.011807 0.0373058 0.00942325 0.00876051 0.0309678 0.00860411 0.0192853 0.00881464 0.0106554 0.00925379 0.008237 0.00888818 0.00833243 0.00984928 0.00852423 0.0349883 0.00916995 
0.0387524 0.0109313 0.00365517 0.00357113 0 0.0035584 0.00363593 0.00360664 0.003867 0.00361175 0.00738807 0.00678558 0.00969803 0.00871202 0.0116577 0.918202 0.0198096 0.00941587 0.0117197 0.0135983 0.0664113 0.0115048 0.0196355 0.00861321 0.00887263 0.0383274 0.0141617 0.149313 0.0106909 0.0129932 0.0111189 0.00886134 0.0481354 0.0097538 0.0151652 0.00913951 0.00865677 0.00854115 0.00848636 0.00977327 0.0086406 0.0303822 0.00859201 0.0112667 
0.0119192 0.0189352 0.00365891 0.00358275 0.0035584 0 0.00645881 0.00353622 0.00355311 0.00360972 0.00586951 0.00835649 0.00797361 0.0219984 0.894652 0.0127446 0.0135672 0.0104409 0.0093602 0.0266438 0.0148071 0.0334733 0.00916484 0.00975506 0.0168787 0.00956016 0.100409 0.012721 0.024128 0.00926532 0.00889629 0.0297663 0.00913262 0.0273055 0.00972879 0.00908198 0.00877912 0.00840757 0.00915239 0.00864194 0.016625 0.00882452 0.0152247 0.00856592 
0.0174594 0.0108349 0.00380254 0.00357582 0.00363593 0.00645881 0 0.00353807 0.0036114 0.00357892 0.00477848 0.0101031 0.014913 0.919063 0.00987453 0.015167 0.00943183 0.00787388 0.00972891 0.0118257 0.0281122 0.0120781 0.0124314 0.00868747 0.00916518 0.0237664 0.0139993 0.0461849 0.0099895 0.0110161 0.0103694 0.00912691 0.020251 0.0100976 0.0112618 0.00911676 0.00882303 0.00857505 0.00852101 0.0141886 0.00906692 0.0129535 0.00912092 0.00927506 
0.01027 0.0103377 0.0038738 0.0036604 0.00360664 0.00353622 0.00353807 0 0.00354285 0.00356922 0.00509513 0.0177706 0.903338 0.00881764 0.00865016 0.00750893 0.00805875 0.00792586 0.00809977 0.0113841 0.0118163 0.0134299 0.00891769 0.0086529 0.0106401 0.00893277 0.0282926 0.012086 0.0114147 0.00884782 0.00868021 0.0121135 0.00913846 0.0113625 0.00924871 0.00857947 0.00856808 0.00819891 0.00890721 0.00842248 0.00910795 0.00878381 0.00928687 0.00852998 
0.0166143 0.0104791 0.00469132 0.00571771 0.003867 0.00355311 0.0036114 0.00354285 0 0.00362002 0.00865437 0.974873 0.0118613 0.00945696 0.00570139 0.00967067 0.00763982 0.0069431 0.00868711 0.00959777 0.0101776 0.00856201 0.00995659 0.00819437 0.00956381 0.0129278 0.00903462 0.0116966 0.00916191 0.00897081 0.0105364 0.00875744 0.00957948 0.00864045 0.0091088 0.00861113 0.0083445 0.00948264 0.00855849 0.00847124 0.00846784 0.00938665 0.00862407 0.00842193 
0.0143699 0.0188396 0.026526 0.005267 0.00361175 0.00360972 0.00357892 0.00356922 0.00362002 0 0.981305 0.00660837 0.00571171 0.00491799 0.00756707 0.00565619 0.00593793 0.00733722 0.0106242 0.00922988 0.00830659 0.00881074 0.00824959 0.00890316 0.0255219 0.00937655 0.00979699 0.00890208 0.00952067 0.00938784 0.0124134 0.00994161 0.00830287 0.00864354 0.00856087 0.00826457 0.00958521 0.0113639 0.00846058 0.0082045 0.00837349 0.00832564 0.00901364 0.00921429 
0.0166158 0.0138222 0.00740832 0.00590138 0.00738807 0.00586951 0.00477848 0.00509513 0.00865437 0.981305 0 0.00440616 0.0035821 0.00365507 0.00368703 0.0038287 0.00397496 0.0062503 0.00633307 0.00672663 0.00752574 0.00732365 0.0102548 0.0107751 0.00845644 0.0126857 0.00884739 0.0108128 0.00928042 0.0199209 0.0128397 0.00859032 0.0104746 0.00851986 0.00868696 0.0088522 0.0138553 0.00866478 0.00834734 0.00834998 0.00833821 0.00954775 0.00858149 0.0231135 
0.0111037 0.0114561 0.00720846 0.0101386 0.00678558 0.00835649 0.0101031 0.0177706 0.974873 0.00660837 0.00440616 0 0.00362777 0.0036668 0.00367567 0.00363775 0.00733508 0.0090701 0.0060162 0.00687474 0.00775117 0.0100708 0.0106697 0.0275841 0.0118749 0.00897722 0.0153087 0.00948228 0.0124364 0.00924618 0.00877956 0.0176 0.00850881 0.00993073 0.00856856 0.00987947 0.00987172 0.00839803 0.00867606 0.00830126 0.00940685 0.0086217 0.020071 0.00903965 
0.0124121 0.00909395 0.00933079 0.00787523 0.00969803 0.00797361 0.014913 0.903338 0.0118613 0.00571171 0.0035821 0.00362777 0 0.00357201 0.00360867 0.00373674 0.00365816 0.00375527 0.00626456 0.00753414 0.00857831 0.0087807 0.0200955 0.0211653 0.00863958 0.0110456 0.00983165 0.0158055 0.0087465 0.00858859 0.0102454 0.00940382 0.0113702 0.00961008 0.0095486 0.00872363 0.00865998 0.00867707 0.00861271 0.00903831 0.00882852 0.0208405 0.00958455 0.00887032 
0.011331 0.00892615 0.00874569 0.00821268 0.00871202 0.0219984 0.919063 0.00881764 0.00945696 0.00491799 0.00365507 0.0036668 0.00357201 0 0.00406949 0.00367141 0.00381858 0.004079 0.0062812 0.00710558 0.00991038 0.0151412 0.0580813 0.0104127 0.00814463 0.00942515 0.0107216 0.0125046 0.00904968 0.00851587 0.010012 0.00917067 0.0106621 0.0103075 0.00945503 0.00871717 0.00858984 0.00867768 0.00857775 0.00869947 0.00992489 0.0111107 0.00876396 0.00871419 
0.00937621 0.0102661 0.00801918 0.00915689 0.0116577 0.894652 0.00987453 0.00865016 0.00570139 0.00756707 0.00368703 0.00367567 0.00360867 0.00406949 0 0.00367166 0.00368037 0.00365454 0.00565496 0.0076499 0.00875148 0.0571299 0.0174293 0.00702298 0.00883882 0.00814486 0.0155771 0.00885375 0.00943681 0.00722623 0.00848357 0.013794 0.00845245 0.0158347 0.0088083 0.00878192 0.00855718 0.0083867 0.00871353 0.0090087 0.0110421 0.00874467 0.0126664 0.00832965 
0.0122326 0.00875849 0.0107915 0.0097365 0.918202 0.0127446 0.015167 0.00750893 0.00967067 0.00565619 0.0038287 0.00363775 0.00373674 0.00367141 0.00367166 0 0.00354341 0.00358201 0.00632655 0.00777918 0.100981 0.0164173 0.00862607 0.00632188 0.00761026 0.0107242 0.00895608 0.0167668 0.00825067 0.0081624 0.0110925 0.0085026 0.0184903 0.00882237 0.0100645 0.00868357 0.00883679 0.00887009 0.00872333 0.00985012 0.00868646 0.0122876 0.00857973 0.00944726 
0.0127481 0.0104267 0.0174469 0.892203 0.0198096 0.0135672 0.00943183 0.00805875 0.00763982 0.00593793 0.00397496 0.00733508 0.00365816 0.00381858 0.00368037 0.00354341 0 0.00358594 0.00565169 0.069772 0.0402126 0.00925205 0.00735337 0.00562998 0.0083388 0.0105427 0.00972637 0.00963503 0.0102065 0.00799376 0.010517 0.0124758 0.00938564 0.00888508 0.00896661 0.009172 0.00872239 0.0130184 0.00946069 0.00861304 0.00893061 0.00917716 0.0100178 0.00887614 
0.0133069 0.0148815 0.82643 0.0174541 0.00941587 0.0104409 0.00787388 0.00792586 0.0069431 0.00733722 0.0062503 0.0090701 0.00375527 0.004079 0.00365454 0.00358201 0.00358594 0 0.133277 0.0238478 0.0059815 0.00688804 0.0056602 0.00716013 0.0256839 0.00857406 0.00879121 0.00862904 0.0110135 0.00883282 0.0148649 0.0110514 0.00829568 0.00910317 0.00861846 0.00829555 0.00984643 0.0148939 0.0085037 0.00842113 0.00860336 0.00869106 0.009967 0.0103345 
0.0148153 0.016108 0.021152 0.00979267 0.0117197 0.0093602 0.00972891 0.00809977 0.00868711 0.0106242 0.00633307 0.0060162 0.00626456 0.0062812 0.00565496 0.00632655 0.00565169 0.133277 0 0.00358211 0.00356546 0.00358998 0.00363198 0.00396938 0.00451653 0.00635983 0.00610787 0.00692059 0.0101337 0.843852 0.0152964 0.00869891 0.00957729 0.00862223 0.00898612 0.0087892 0.0172653 0.00922507 0.00853501 0.00849186 0.00853882 0.00937184 0.0092356 0.0193511 
0.0118432 0.0121841 0.0124088 0.0563742 0.0135983 0.0266438 0.0118257 0.0113841 0.00959777 0.00922988 0.00672663 0.00687474 0.00753414 0.00710558 0.0076499 0.00777918 0.069772 0.0238478 0.00358211 0 0.00357173 0.00355642 0.00367468 0.00377546 0.00644539 0.00556306 0.0100995 0.00992869 0.940991 0.00705054 0.00951612 0.0205616 0.00896319 0.0140907 0.00933782 0.0121612 0.00932711 0.00880317 0.00966536 0.00876268 0.0115101 0.00932747 0.0245971 0.0096048 
0.0134207 0.00893642 0.0142921 0.0112347 0.0664113 0.0148071 0.0281122 0.0118163 0.0101776 0.00830659 0.00752574 0.00775117 0.00857831 0.00991038 0.00875148 0.100981 0.0402126 0.0059815 0.00356546 0.00357173 0 0.00355779 0.00356545 0.00356972 0.00388592 0.00825596 0.00903608 0.971568 0.0137216 0.00558234 0.0103994 0.00882126 0.0363912 0.0093585 0.0159116 0.00944242 0.00902419 0.00937622 0.00874743 0.0111635 0.00964197 0.0388479 0.00933973 0.0120237 
0.00914105 0.0106287 0.00949227 0.0281597 0.0115048 0.0334733 0.0120781 0.0134299 0.00856201 0.00881074 0.00732365 0.0100708 0.0087807 0.0151412 0.0571299 0.0164173 0.00925205 0.00688804 0.00358998 0.00355642 0.00355779 0 0.0035423 0.00356156 0.00505472 0.00811389 0.986251 0.00997321 0.00958394 0.00401473 0.00840092 0.0260401 0.00816563 0.0317378 0.00871557 0.00951879 0.00857982 0.00844758 0.00931019 0.0086704 0.0181379 0.00865356 0.0215663 0.00863551 
0.0157528 0.00895343 0.0161707 0.0100935 0.0196355 0.00916484 0.0124314 0.00891769 0.00995659 0.00824959 0.0102548 0.0106697 0.0200955 0.0580813 0.0174293 0.00862607 0.00735337 0.0056602 0.00363198 0.00367468 0.00356545 0.0035423 0 0.00355692 0.00453529 0.995278 0.00456522 0.00959941 0.00447196 0.00436229 0.0174123 0.00782248 0.0182847 0.00831475 0.0106619 0.00841434 0.00881327 0.00990758 0.00916855 0.0114273 0.00838641 0.014067 0.00856774 0.0129807 
0.0100483 0.0150638 0.0165271 0.0113194 0.00861321 0.00975506 0.00868747 0.0086529 0.00819437 0.00890316 0.0107751 0.0275841 0.0211653 0.0104127 0.00702298 0.00632188 0.00562998 0.00716013 0.00396938 0.00377546 0.00356972 0.00356156 0.00355692 0 0.998855 0.005901 0.00400499 0.00376286 0.00642626 0.00373839 0.00919267 0.0118743 0.00758166 0.00923086 0.00793123 0.0080742 0.00854232 0.0127773 0.00838685 0.00807359 0.00870457 0.0081387 0.0113277 0.0087261 
0.0103935 0.0341213 0.0123207 0.0169882 0.00887263 0.0168787 0.00916518 0.0106401 0.00956381 0.0255219 0.00845644 0.0118749 0.00863958 0.00814463 0.00883882 0.00761026 0.0083388 0.0256839 0.00451653 0.00644539 0.00388592 0.00505472 0.00453529 0.998855 0 0.00361125 0.00365607 0.00364165 0.0041184 0.00373991 0.0120493 0.0189645 0.00770314 0.0196325 0.00877568 0.0180326 0.048899 0.00931555 0.00905213 0.00824262 0.0104143 0.00843211 0.0175431 0.0168209 
0.0175313 0.00912806 0.0157312 0.010178 0.0383274 0.00956016 0.0237664 0.00893277 0.0129278 0.00937655 0.0126857 0.00897722 0.0110456 0.00942515 0.00814486 0.0107242 0.0105427 0.00857406 0.00635983 0.00556306 0.00825596 0.00811389 0.995278 0.005901 0.00361125 0 0.00355213 0.00358867 0.00361996 0.00387742 0.021745 0.00780354 0.0364665 0.0109315 0.0380479 0.0155018 0.011206 0.00980197 0.00859591 0.00956068 0.00844669 0.0219903 0.00927448 0.017215 
0.0103254 0.0127902 0.0109705 0.0709637 0.0141617 0.100409 0.0139993 0.0282926 0.00903462 0.00979699 0.00884739 0.0153087 0.00983165 0.0107216 0.0155771 0.00895608 0.00972637 0.00879121 0.00610787 0.0100995 0.00903608 0.986251 0.00456522 0.00400499 0.00365607 0.00355213 0 0.00363834 0.00363952 0.00355346 0.00886359 0.0619007 0.00851114 0.10043 0.0133577 0.0174621 0.0101453 0.00880127 0.0104991 0.00877921 0.0221024 0.00902431 0.039271 0.00958892 
0.0133438 0.00917791 0.0193731 0.011807 0.149313 0.012721 0.0461849 0.012086 0.0116966 0.00890208 0.0108128 0.00948228 0.0158055 0.0125046 0.00885375 0.0167668 0.00963503 0.00862904 0.00692059 0.00992869 0.971568 0.00997321 0.00959941 0.00376286 0.00364165 0.00358867 0.00363834 0 0.0035489 0.00355371 0.028824 0.00892994 0.108794 0.0120912 0.0316716 0.00989982 0.00970674 0.00946068 0.00897072 0.015101 0.00930974 0.0350431 0.00920456 0.0136952 
0.0100135 0.0146746 0.0111147 0.0373058 0.0106909 0.024128 0.0099895 0.0114147 0.00916191 0.00952067 0.00928042 0.0124364 0.0087465 0.00904968 0.00943681 0.00825067 0.0102065 0.0110135 0.0101337 0.940991 0.0137216 0.00958394 0.00447196 0.00642626 0.0041184 0.00361996 0.00363952 0.0035489 0 0.00356375 0.00996259 0.0826266 0.00776059 0.0137794 0.00880531 0.00864439 0.0087494 0.0086355 0.00958372 0.00828294 0.0114126 0.00851912 0.036571 0.0089709 
0.0214 0.00984322 0.0298993 0.00942325 0.0129932 0.00926532 0.0110161 0.00884782 0.00897081 0.00938784 0.0199209 0.00924618 0.00858859 0.00851587 0.00722623 0.0081624 0.00799376 0.00883282 0.843852 0.00705054 0.00558234 0.00401473 0.00436229 0.00373839 0.00373991 0.00387742 0.00355346 0.00355371 0.00356375 0 0.0798307 0.00548757 0.00912841 0.00580747 0.00593223 0.0058278 0.00996241 0.013035 0.00675054 0.00746657 0.00749608 0.0102061 0.00761463 0.0174331 
0.0173178 0.0106202 0.0165618 0.00876051 0.0111189 0.00889629 0.0103694 0.00868021 0.0105364 0.0124134 0.0128397 0.00877956 0.0102454 0.010012 0.00848357 0.0110925 0.010517 0.0148649 0.0152964 0.00951612 0.0103994 0.00840092 0.0174123 0.00919267 0.0120493 0.021745 0.00886359 0.028824 0.00996259 0.0798307 0 0.00384205 0.00399191 0.00360859 0.00395936 0.00407082 0.0150732 0.00625052 0.00556742 0.00613127 0.00613132 0.0115241 0.0095378 0.920767 
0.00823751 0.0148775 0.00888199 0.0309678 0.00886134 0.0297663 0.00912691 0.0121135 0.00875744 0.00994161 0.00859032 0.0176 0.00940382 0.00917067 0.013794 0.0085026 0.0124758 0.0110514 0.00869891 0.0205616 0.00882126 0.0260401 0.00782248 0.0118743 0.0189645 0.00780354 0.0619007 0.00892994 0.0826266 0.00548757 0.00384205 0 0.00357012 0.00362552 0.00357908 0.00381015 0.00377325 0.00431206 0.00553632 0.00536283 0.00724244 0.0066883 0.955636 0.00734406 
0.0109989 0.00820571 0.0109272 0.00860411 0.0481354 0.00913262 0.020251 0.00913846 0.00957948 0.00830287 0.0104746 0.00850881 0.0113702 0.0106621 0.00845245 0.0184903 0.00938564 0.00829568 0.00957729 0.00896319 0.0363912 0.00816563 0.0182847 0.00758166 0.00770314 0.0364665 0.00851114 0.108794 0.00776059 0.00912841 0.00399191 0.00357012 0 0.00352733 0.00354661 0.00355061 0.00358573 0.00444226 0.00410682 0.00556902 0.00625435 0.958107 0.00652267 0.00994588 
0.00835139 0.00928173 0.00926059 0.0192853 0.0097538 0.0273055 0.0100976 0.0113625 0.00864045 0.00864354 0.00851986 0.00993073 0.00961008 0.0103075 0.0158347 0.00882237 0.00888508 0.00910317 0.00862223 0.0140907 0.0093585 0.0317378 0.00831475 0.00923086 0.0196325 0.0109315 0.10043 0.0120912 0.0137794 0.00580747 0.00360859 0.00362552 0.00352733 0 0.00358083 0.00361426 0.0036477 0.00379698 0.0046471 0.00725411 0.960901 0.0104795 0.00998943 0.00586421 
0.00851664 0.00842982 0.00896157 0.00881464 0.0151652 0.00972879 0.0112618 0.00924871 0.0091088 0.00856087 0.00868696 0.00856856 0.0095486 0.00945503 0.0088083 0.0100645 0.00896661 0.00861846 0.00898612 0.00933782 0.0159116 0.00871557 0.0106619 0.00793123 0.00877568 0.0380479 0.0133577 0.0316716 0.00880531 0.00593223 0.00395936 0.00357908 0.00354661 0.00358083 0 0.00365991 0.00358514 0.00457893 0.00580275 0.917732 0.0109352 0.00795036 0.00567759 0.00590163 
0.00846534 0.0084011 0.00945105 0.0106554 0.00913951 0.00908198 0.00911676 0.00857947 0.00861113 0.00826457 0.0088522 0.00987947 0.00872363 0.00871717 0.00878192 0.00868357 0.009172 0.00829555 0.0087892 0.0121612 0.00944242 0.00951879 0.00841434 0.0080742 0.0180326 0.0155018 0.0174621 0.00989982 0.00864439 0.0058278 0.00407082 0.00381015 0.00355061 0.00361426 0.00365991 0 0.00404795 0.00573454 0.910545 0.00550163 0.00520655 0.00501982 0.00612234 0.00512 
0.0104941 0.00940824 0.0157534 0.00925379 0.00865677 0.00877912 0.00882303 0.00856808 0.0083445 0.00958521 0.0138553 0.00987172 0.00865998 0.00858984 0.00855718 0.00883679 0.00872239 0.00984643 0.0172653 0.00932711 0.00902419 0.00857982 0.00881327 0.00854232 0.048899 0.011206 0.0101453 0.00970674 0.0087494 0.00996241 0.0150732 0.00377325 0.00358573 0.0036477 0.00358514 0.00404795 0 0.946186 0.00563658 0.00446988 0.00388435 0.00473258 0.00491318 0.00562457 
0.00957021 0.0099795 0.00936681 0.008237 0.00854115 0.00840757 0.00857505 0.00819891 0.00948264 0.0113639 0.00866478 0.00839803 0.00867707 0.00867768 0.0083867 0.00887009 0.0130184 0.0148939 0.00922507 0.00880317 0.00937622 0.00844758 0.00990758 0.0127773 0.00931555 0.00980197 0.00880127 0.00946068 0.0086355 0.013035 0.00625052 0.00431206 0.00444226 0.00379698 0.00457893 0.00573454 0.946186 0 0.00421258 0.00371234 0.00362581 0.00423916 0.00449807 0.00715346 
0.00810959 0.00857418 0.00817975 0.00888818 0.00848636 0.00915239 0.00852101 0.00890721 0.00855849 0.00846058 0.00834734 0.00867606 0.00861271 0.00857775 0.00871353 0.00872333 0.00946069 0.0085037 0.00853501 0.00966536 0.00874743 0.00931019 0.00916855 0.00838685 0.00905213 0.00859591 0.0104991 0.00897072 0.00958372 0.00675054 0.00556742 0.00553632 0.00410682 0.0046471 0.00580275 0.910545 0.00563658 0.00421258 0 0.00369945 0.00358998 0.00365274 0.00417524 0.00368976 
0.00836123 0.00809465 0.00854291 0.00833243 0.00977327 0.00864194 0.0141886 0.00842248 0.00847124 0.0082045 0.00834998 0.00830126 0.00903831 0.00869947 0.0090087 0.00985012 0.00861304 0.00842113 0.00849186 0.00876268 0.0111635 0.0086704 0.0114273 0.00807359 0.00824262 0.00956068 0.00877921 0.015101 0.00828294 0.00746657 0.00613127 0.00536283 0.00556902 0.00725411 0.917732 0.00550163 0.00446988 0.00371234 0.00369945 0 0.00377346 0.00373871 0.00389817 0.00376706 
0.00798336 0.0085059 0.00826152 0.00984928 0.0086406 0.016625 0.00906692 0.00910795 0.00846784 0.00837349 0.00833821 0.00940685 0.00882852 0.00992489 0.0110421 0.00868646 0.00893061 0.00860336 0.00853882 0.0115101 0.00964197 0.0181379 0.00838641 0.00870457 0.0104143 0.00844669 0.0221024 0.00930974 0.0114126 0.00749608 0.00613132 0.00724244 0.00625435 0.960901 0.0109352 0.00520655 0.00388435 0.00362581 0.00358998 0.00377346 0 0.00358171 0.00364136 0.00356523 
0.010605 0.00808273 0.00980036 0.00852423 0.0303822 0.00882452 0.0129535 0.00878381 0.00938665 0.00832564 0.00954775 0.0086217 0.0208405 0.0111107 0.00874467 0.0122876 0.00917716 0.00869106 0.00937184 0.00932747 0.0388479 0.00865356 0.014067 0.0081387 0.00843211 0.0219903 0.00902431 0.0350431 0.00851912 0.0102061 0.0115241 0.0066883 0.958107 0.0104795 0.00795036 0.00501982 0.00473258 0.00423916 0.00365274 0.00373871 0.00358171 0 0.00353693 0.00377072 
0.00827106 0.012804 0.00865157 0.0349883 0.00859201 0.0152247 0.00912092 0.00928687 0.00862407 0.00901364 0.00858149 0.020071 0.00958455 0.00876396 0.0126664 0.00857973 0.0100178 0.009967 0.0092356 0.0245971 0.00933973 0.0215663 0.00856774 0.0113277 0.0175431 0.00927448 0.039271 0.00920456 0.036571 0.00761463 0.0095378 0.955636 0.00652267 0.00998943 0.00567759 0.00612234 0.00491318 0.00449807 0.00417524 0.00389817 0.00364136 0.00353693 0 0.00359656 
0.0147799 0.00876948 0.0257418 0.00916995 0.0112667 0.00856592 0.00927506 0.00852998 0.00842193 0.00921429 0.0231135 0.00903965 0.00887032 0.00871419 0.00832965 0.00944726 0.00887614 0.0103345 0.0193511 0.0096048 0.0120237 0.00863551 0.0129807 0.0087261 0.0168209 0.017215 0.00958892 0.0136952 0.0089709 0.0174331 0.920767 0.00734406 0.00994588 0.00586421 0.00590163 0.00512 0.00562457 0.00715346 0.00368976 0.00376706 0.00356523 0.00377072 0.00359656 0 
