1RK2B
QNAGSLVVLGSINADHILNLQSFPTPGETVTGNHYQVAFGGKGANQAVAAGRSGANIAFIACTGDDSIGESVRQQLATDNIDITPVSVIKGESTGVALIFVNGEGENVIGIHAGANAALSPALVEAQRERIANASALLMQLESPLESVMAAAKIAHQNKTIVALNPAPARELPDELLALVDIITPNETEAEKLTGIRVENDEDAAKAAQVLHEKGIRTVLITLGSRGVWASVNGEGQRVPGFRVQAVDTIAAGDTFNGALITALLEEKPLPEAIRFAHAAAAIAVTRKGAQPSVPWREEIDAFLDRQ
CCCCEEEEECCCEEEEEEECCCCCCCCCEEECCEEEEEEECHHHHHHHHHHHHCCEEEEEEEEECCHHHHHHHHHHHCCCEECCCEEEECCCCCEEEEEEECCCCCEEEEEECHHHHHCCHHHHHCCHHHHHHCCEEEECCCCCHHHHHHHHHHHHHCCCEEEECCCCCCCCCHHHHCCCCEECCEHHHHHHHHCCCCCCCCHHHHHHHHHHHCCCCEEEEECHHHCEEEEECCEEEEECCCCCCCCCCCCHHHHHHHHHHHHHHCCCCHHHHHHHHHHHHHHHHCCCCCHHHCCCHHHHHHHHCCC
0 0 0 0 0 0 0 0 0 0 0 0 0 0 0 0 0 0 0 0 0 0 0 0 0 0 0 0 0 0 0 0 0 0 0 0 0 0 0 0 0 0 0 0 0 0 0 0 0 0 0 0 0 0 0 0 0 0 0 0 0 0 0 0 0 0 0 0 0 0 0 0 0 0 0 0 0 0 0 0 0 0 0 0 0 0 0 0 0 0 0 0 0 0 0 0 0 0 0 0 0 0 0 0 0 0 0 0 0 0 0 0 0 0 0 0 0 0 0 0 0 0 0 0 0 0 0 0 0 0 0 0 0 0 0 0 0 0 0 0 0 0 0 0 0 0 0 0 0 0 0 0 0 0 0 0 0 0 0 0 0 0 0 0 0 0 0 0 0 0 0 0 0 0 0 0 0 0 0 0 0 0 0 0 0 0 0 0 0 0 0 0 0 0 0 0 0 0 0 0 0 0 0 0 0 0 0 0 0 0 0 0 0 0 0 0 0 0 0 0 0 0 0 0 0 0 0 0 0 0 0 0 0 0 0 0 0 0 0 0 0 0 0 0 0 0 0 0 0 0 0 0 0 0 0 0 0 0 0 0 0 0 0 0 0 0 0 0 0 0 0 0 0 0 0 0 0 0 0 0 0 0 0 0 0 0 0 0 0 0 0 0 0 0 0 0 0 0 0 0 0 0 0 0 0 0 0 
0 0 0 0 0 0 0 0 0 0 0 0 0 0 0 0 0 0 0 0 0 0 0 0 0 0 0 0 0 0 0 0 0 0 0 0 0 0 0 0 0 0 0 0 0 0 0 0 0 0 0 0 0 0 0 0 0 0 0 0 0 0 0 0 0 0 0 0 0 0 0 0 0 0 0 0 0 0 0 0 0 0 0 0 0 0 0 0 0 0 0 0 0 0 0 0 0 0 0 0 0 0 0 0 0 0 0 0 0 0 0 0 0 0 0 0 0 0 0 0 0 0 0 0 0 0 0 0 0 0 0 0 0 0 0 0 0 0 0 0 0 0 0 0 0 0 0 0 0 0 0 0 0 0 0 0 0 0 0 0 0 0 0 0 0 0 0 0 0 0 0 0 0 0 0 0 0 0 0 0 0 0 0 0 0 0 0 0 0 0 0 0 0 0 0 0 0 0 0 0 0 0 0 0 0 0 0 0 0 0 0 0 0 0 0 0 0 0 0 0 0 0 0 0 0 0 0 0 0 0 0 0 0 0 0 0 0 0 0 0 0 0 0 0 0 0 0 0 0 0 0 0 0 0 0 0 0 0 0 0 0 0 0 0 0 0 0 0 0 0 0 0 0 0 0 0 0 0 0 0 0 0 0 0 0 0 0 0 0 0 0 0 0 0 0 0 0 0 0 0 0 0 0 0 0 0 0 
0 0.00375657 0.0036435 0.00382252 0.00474418 0.0118239 0.0053375 0.0067643 0.00820756 0.0156902 0.0174666 0.0406564 0.0299344 0.00923427 0.0457931 0.019061 0.00942565 0.011798 0.0111682 0.0103754 0.0118394 0.0171085 0.0366478 0.00936818 0.0127714 0.0143584 0.0122984 0.0113378 0.00951252 0.0115204 0.0124973 0.0092717 0.0100949 0.00889987 0.00879803 0.0091246 0.0105606 0.0112116 0.00867087 0.00935566 0.00944644 0.00989729 0.00963265 0.0111631 0.0089278 0.00829063 0.00861323 0.00895817 0.00905886 0.00976416 0.0086955 0.00828519 0.00879093 0.00921774 0.00869861 0.00822747 0.0083676 0.0092379 0.0083756 0.008613 0.0083877 0.00844807 0.00828994 0.00846189 0.0086282 0.00935608 0.00807969 0.00817707 0.00820814 0.00829599 0.00842813 0.00818184 0.00812604 0.00807071 0.00829719 0.00835822 
0.00375657 0 0.00360667 0.00367643 0.00378536 0.0047732 0.010972 0.00705874 0.0155962 0.0114501 0.0301931 0.00953885 0.012303 0.064071 0.0101657 0.0109205 0.0406362 0.0145099 0.0193436 0.0221231 0.0177249 0.0126056 0.00969427 0.112411 0.0178729 0.0363607 0.0349199 0.0234152 0.0220261 0.0152588 0.0103358 0.0112377 0.00852303 0.0110885 0.0100696 0.0105525 0.0099849 0.00972586 0.0175844 0.0157352 0.0301494 0.0221813 0.0150005 0.0103004 0.00872291 0.0104576 0.0147959 0.0132027 0.0112678 0.00869766 0.00955338 0.00936613 0.00972391 0.00958843 0.00854654 0.00907513 0.00928166 0.00896805 0.00858259 0.00820499 0.00807675 0.00839041 0.00868998 0.00897143 0.00883256 0.00848648 0.00813894 0.00839196 0.0083929 0.00840867 0.00832801 0.00804075 0.00814891 0.00818651 0.00829608 0.00838405 
0.0036435 0.00360667 0 0.00369874 0.00359002 0.0078976 0.00729016 0.0191127 0.0193234 0.0203911 0.0108732 0.00931132 0.0194376 0.010826 0.015136 0.0123887 0.0152205 0.0412842 0.0432881 0.0648741 0.0205219 0.0116039 0.0138404 0.0178727 0.142203 0.0986519 0.0895862 0.0642883 0.0758816 0.0156757 0.0103039 0.00880502 0.00852449 0.00989214 0.0227033 0.0122346 0.00923921 0.0111319 0.0211894 0.0791495 0.0702059 0.0863328 0.0231996 0.0112053 0.00948053 0.0150996 0.0416563 0.0499256 0.0126279 0.00892033 0.00945842 0.0130601 0.0128975 0.0100374 0.00888567 0.0102091 0.0107684 0.00895622 0.0085451 0.00833762 0.00797551 0.00849858 0.00903756 0.0101473 0.00933776 0.00853768 0.00812047 0.0086788 0.00866002 0.0083677 0.00816222 0.0079805 0.00816618 0.00825824 0.00833224 0.00818757 
0.00382252 0.00367643 0.00369874 0 0.00398148 0.0053749 0.01977 0.029311 0.0203267 0.0121862 0.0171123 0.011026 0.0117122 0.0423153 0.015586 0.0109504 0.0167667 0.0240184 0.0250196 0.0329145 0.10004 0.0224709 0.0112273 0.0205011 0.0297411 0.111586 0.0441173 0.0599094 0.0369007 0.0468222 0.011118 0.00948078 0.00887476 0.0102465 0.0147234 0.0203003 0.00893053 0.0103589 0.0207465 0.0350556 0.0631903 0.0444751 0.0550658 0.0122575 0.00905654 0.0141324 0.0294277 0.0353772 0.0236962 0.00989666 0.00994988 0.0123242 0.0178939 0.0101893 0.00876064 0.00976414 0.0102944 0.00916407 0.00880023 0.0087731 0.00791463 0.00861482 0.00911527 0.0105359 0.00959287 0.00841266 0.00825247 0.0087349 0.00860621 0.00835617 0.00807077 0.00801378 0.00810101 0.00813934 0.00817163 0.00814677 
0.00474418 0.00378536 0.00359002 0.00398148 0 0.0140373 0.0115111 0.00657179 0.00483779 0.00675033 0.0114275 0.0154223 0.0165872 0.0144692 0.036284 0.0164239 0.0132924 0.0115972 0.011831 0.0130637 0.0304672 0.0910853 0.01592 0.01187 0.0132403 0.0180865 0.0332596 0.0154454 0.0200424 0.0158385 0.0253699 0.0126353 0.0101873 0.0174975 0.00928497 0.00956997 0.0130791 0.0145126 0.0118444 0.0125201 0.0130927 0.015121 0.0145903 0.0270896 0.0112989 0.0093242 0.0113034 0.0121554 0.0116884 0.0130884 0.0103789 0.00931285 0.0106004 0.0126394 0.00909285 0.00901835 0.00866719 0.011782 0.00879152 0.00918162 0.00830902 0.00877739 0.00881897 0.00937356 0.00887347 0.00858028 0.00855398 0.00833253 0.00838208 0.00809952 0.00818342 0.00815919 0.0080856 0.00804696 0.00801863 0.00826647 
0.0118239 0.0047732 0.0078976 0.0053749 0.0140373 0 0.00361137 0.00358143 0.00378692 0.00364778 0.0038076 0.00499143 0.0154779 0.00862308 0.0370953 0.0148048 0.0105128 0.0107536 0.0114487 0.0099197 0.0133577 0.0676804 0.0286712 0.0100646 0.0132966 0.0151355 0.0128343 0.0146431 0.012314 0.0135207 0.0147646 0.00897526 0.0105787 0.00911584 0.00917465 0.00893287 0.0114564 0.0143217 0.00995533 0.0105082 0.0118487 0.0113947 0.0129695 0.014578 0.00907499 0.00908576 0.0093829 0.0112655 0.00943415 0.0115968 0.00904368 0.00862728 0.00933943 0.0110176 0.00890808 0.00845632 0.00889603 0.0111935 0.0085818 0.00859043 0.00855192 0.00840575 0.00844044 0.00852121 0.0084575 0.00905882 0.0081643 0.00820612 0.00821482 0.00814325 0.00810713 0.00801843 0.00804798 0.00801084 0.00816392 0.00815603 
0.0053375 0.010972 0.00729016 0.01977 0.0115111 0.00361137 0 0.00356095 0.00356652 0.00356867 0.00362527 0.00362181 0.00760295 0.0303763 0.00798266 0.00945805 0.023512 0.0113629 0.0145379 0.013152 0.0971697 0.0121793 0.00904467 0.051953 0.0140773 0.0288835 0.0311559 0.018964 0.0314814 0.0176623 0.0101557 0.00954813 0.00816173 0.0103032 0.00940235 0.00979206 0.00882689 0.00955868 0.0191255 0.0160848 0.0269057 0.0238746 0.0172563 0.00993023 0.00845418 0.0104503 0.015647 0.0142483 0.0130655 0.00867767 0.0087453 0.00985107 0.00959722 0.0092183 0.00816326 0.00917605 0.0088663 0.00879198 0.00831631 0.00819872 0.00793879 0.00826802 0.00855182 0.00890207 0.00861526 0.00812667 0.00809045 0.00841725 0.00837345 0.00816986 0.00803686 0.00796513 0.00805779 0.00810773 0.0081137 0.00808233 
0.0067643 0.00705874 0.0191127 0.029311 0.00657179 0.00358143 0.00356095 0 0.00355582 0.00354762 0.0035471 0.00357785 0.00821237 0.00779136 0.0120825 0.00946541 0.0103973 0.028017 0.0146054 0.132004 0.0142386 0.0118182 0.0116735 0.0100899 0.0576555 0.0475649 0.036003 0.0497241 0.0309615 0.016072 0.00926495 0.00839259 0.00838133 0.00873966 0.0165315 0.00955808 0.00847782 0.00936989 0.012473 0.0438768 0.035334 0.0537548 0.0200196 0.00954417 0.00856807 0.0117319 0.0216821 0.0395063 0.0113357 0.00880033 0.00861222 0.00970278 0.0113303 0.00915605 0.00835353 0.00914688 0.0101098 0.00850317 0.00831896 0.00826571 0.00789008 0.00832013 0.00867431 0.0094027 0.00874843 0.00814205 0.00808292 0.00852836 0.00846917 0.00822865 0.00808505 0.00801674 0.00809375 0.00814405 0.00826037 0.00811817 
0.00820756 0.0155962 0.0193234 0.0203267 0.00483779 0.00378692 0.00356652 0.00355582 0 0.00354228 0.00356091 0.00357243 0.00834299 0.0100315 0.0154337 0.00892581 0.0145765 0.0126378 0.168285 0.0171179 0.0183963 0.0114601 0.0105094 0.0223778 0.0355254 0.0875755 0.0644733 0.0488922 0.0510739 0.0124947 0.00955701 0.00877881 0.00854694 0.0108381 0.0124211 0.0107661 0.00900139 0.0101533 0.0240971 0.0439724 0.122891 0.0623593 0.0218799 0.0104496 0.00918606 0.0135632 0.0464025 0.0456204 0.0144159 0.00943323 0.0098981 0.0120949 0.0134787 0.00953747 0.00850535 0.0107768 0.0100922 0.00895825 0.00864074 0.00837978 0.00794631 0.008392 0.00927933 0.00982776 0.00903056 0.00843755 0.00818007 0.00865644 0.00865158 0.0083421 0.00807531 0.00799195 0.0081072 0.00819603 0.00818686 0.00812995 
0.0156902 0.0114501 0.0203911 0.0121862 0.00675033 0.00364778 0.00356867 0.00354762 0.00354228 0 0.00354871 0.00358444 0.0104627 0.0162521 0.0288185 0.00913582 0.0098861 0.156068 0.0143851 0.056452 0.0158804 0.012569 0.0102643 0.0198033 0.0551109 0.0651425 0.0693977 0.0501105 0.0549313 0.0148344 0.00953077 0.00880348 0.00847851 0.009772 0.0135074 0.0116743 0.00886995 0.0104016 0.0164327 0.0697416 0.0602255 0.0840941 0.0250596 0.0111542 0.00885961 0.0133447 0.044389 0.0460418 0.0151856 0.00915958 0.00981735 0.0118316 0.0184039 0.0121966 0.0088455 0.00975597 0.0102537 0.0122564 0.00853984 0.00829916 0.00792687 0.00849438 0.00909926 0.0100507 0.00933921 0.00829229 0.00813234 0.00865938 0.00868052 0.00829492 0.00805456 0.00801303 0.00811073 0.00812355 0.0082578 0.00806474 
0.0174666 0.0301931 0.0108732 0.0171123 0.0114275 0.0038076 0.00362527 0.0035471 0.00356091 0.00354871 0 0.00363283 0.0206591 0.0939314 0.0111994 0.00834512 0.142309 0.0105682 0.0129054 0.0183324 0.0652569 0.0168589 0.0101148 0.0220256 0.01852 0.0433181 0.0290574 0.0255501 0.0254161 0.027657 0.0109277 0.00942127 0.00881498 0.00978352 0.0110212 0.0126048 0.00912817 0.0102523 0.024294 0.0173497 0.030766 0.0241619 0.0363176 0.0115394 0.00879801 0.0113265 0.0186369 0.0189017 0.0191878 0.00979229 0.00915721 0.0106605 0.0130689 0.00997094 0.00834656 0.00954786 0.00933967 0.00892127 0.00845078 0.00842329 0.00797153 0.00829871 0.0087773 0.0093151 0.00879296 0.00820551 0.00808043 0.00841717 0.00831121 0.00815294 0.00802796 0.00796422 0.00804749 0.0080161 0.00806712 0.00805054 
0.0406564 0.00953885 0.00931132 0.011026 0.0154223 0.00499143 0.00362181 0.00357785 0.00357243 0.00358444 0.00363283 0 0.0533766 0.00982133 0.0298731 0.140479 0.00945936 0.00953017 0.0111693 0.0128359 0.0238803 0.0348909 0.0223305 0.00961283 0.0120323 0.0139342 0.0126892 0.0120307 0.0118056 0.0125188 0.0140517 0.0107681 0.0103685 0.016559 0.00897585 0.00893676 0.00969853 0.0189172 0.0100886 0.010465 0.0107333 0.010816 0.0121591 0.014375 0.0114166 0.00910273 0.00954392 0.0104294 0.010021 0.00988441 0.0102762 0.00868636 0.00926779 0.00936585 0.00937565 0.00832449 0.00834986 0.00923208 0.00847464 0.00837074 0.00849821 0.00864406 0.00842583 0.0086531 0.00841739 0.00838348 0.00836698 0.00820014 0.00811905 0.00801106 0.008003 0.00811948 0.00803144 0.00802858 0.00796076 0.00802158 
0.0299344 0.012303 0.0194376 0.0117122 0.0165872 0.0154779 0.00760295 0.00821237 0.00834299 0.0104627 0.0206591 0.0533766 0 0.00414006 0.00493004 0.00477428 0.00554756 0.0401014 0.0342553 0.00643613 0.00680165 0.0108505 0.0510359 0.00945124 0.013207 0.0104251 0.00985898 0.0104555 0.00983364 0.011083 0.0153737 0.00988613 0.0125885 0.00992921 0.00891002 0.00986903 0.0136889 0.0105225 0.00884423 0.00915481 0.00913877 0.00915549 0.00973936 0.0147263 0.00921093 0.00844663 0.00867656 0.00889861 0.00912111 0.0110829 0.00913818 0.00815489 0.00849095 0.00906167 0.00875878 0.00807394 0.0085433 0.00944134 0.00816126 0.00855906 0.00868433 0.00830815 0.00812807 0.00862781 0.00831571 0.00917583 0.0081204 0.00808067 0.00815768 0.00811546 0.00834399 0.00805181 0.00798603 0.00795677 0.00822731 0.00822984 
0.00923427 0.064071 0.010826 0.0423153 0.0144692 0.00862308 0.0303763 0.00779136 0.0100315 0.0162521 0.0939314 0.00982133 0.00414006 0 0.0036866 0.00404469 0.0540557 0.0095997 0.0043867 0.00601171 0.00751985 0.00584901 0.00846899 0.0418122 0.0087285 0.0131404 0.0106639 0.00948822 0.0113622 0.014019 0.00985014 0.0122539 0.0086043 0.00953546 0.00887582 0.00973745 0.00943633 0.00869649 0.0109814 0.00928073 0.0113391 0.01013 0.0135577 0.00965277 0.00840702 0.00898544 0.0089296 0.00906503 0.0110703 0.00865276 0.00853516 0.00866486 0.00900668 0.00875551 0.00802262 0.00872461 0.00836637 0.00854166 0.00827418 0.00823187 0.00793799 0.00813478 0.00838837 0.00842228 0.00848062 0.00813642 0.00792512 0.00828478 0.00819122 0.00819438 0.00806358 0.00784217 0.00807204 0.00799845 0.00805405 0.00807293 
0.0457931 0.0101657 0.015136 0.015586 0.036284 0.0370953 0.00798266 0.0120825 0.0154337 0.0288185 0.0111994 0.0298731 0.00493004 0.0036866 0 0.111878 0.00557917 0.00372017 0.00372836 0.00424777 0.00595308 0.00583342 0.048514 0.0089323 0.0121146 0.0113874 0.0111081 0.011031 0.0102642 0.0124291 0.0123724 0.0109991 0.011532 0.0158461 0.00938561 0.00925644 0.00932055 0.0180084 0.0100875 0.0103788 0.0103246 0.0102753 0.0109564 0.0117039 0.0115798 0.00968576 0.00893553 0.0097637 0.00904532 0.00948842 0.0104296 0.00879819 0.00887621 0.00915273 0.010974 0.00835386 0.00857285 0.00896557 0.00889748 0.00858382 0.00887903 0.0085978 0.00858219 0.00875266 0.00824289 0.00838846 0.00854952 0.00821101 0.00814402 0.00805521 0.00803344 0.00832121 0.00810535 0.00799258 0.00807498 0.00798858 
0.019061 0.0109205 0.0123887 0.0109504 0.0164239 0.0148048 0.00945805 0.00946541 0.00892581 0.00913582 0.00834512 0.140479 0.00477428 0.00404469 0.111878 0 0.00358462 0.0035921 0.00357307 0.00359764 0.00377098 0.00442437 0.0517184 0.00851603 0.0107548 0.00990932 0.00987088 0.0170363 0.0103642 0.0113036 0.0137803 0.00879966 0.00968918 0.00882849 0.00879775 0.00874052 0.0102697 0.0103275 0.00907615 0.00905049 0.00919932 0.00924328 0.00963526 0.0123893 0.00892378 0.00854923 0.00865261 0.00895579 0.00865473 0.0095482 0.00848408 0.00823887 0.0083594 0.00874888 0.00826725 0.00800996 0.0083251 0.00921561 0.00804744 0.00818933 0.00826654 0.00804582 0.00806819 0.00818128 0.00803554 0.00867838 0.00799077 0.00799205 0.0080075 0.00795497 0.00799325 0.00789733 0.00792674 0.00789073 0.00799925 0.00798696 
0.00942565 0.0406362 0.0152205 0.0167667 0.0132924 0.0105128 0.023512 0.0103973 0.0145765 0.0098861 0.142309 0.00945936 0.00554756 0.0540557 0.00557917 0.00358462 0 0.00359009 0.00355339 0.00355667 0.00363513 0.00373068 0.0102512 0.0314596 0.0093237 0.0179346 0.0153739 0.0117478 0.0130027 0.0145458 0.00950666 0.0106221 0.00847838 0.00979916 0.00909696 0.00958965 0.00964997 0.00930558 0.0109595 0.0113209 0.0119271 0.0150749 0.0118173 0.00956575 0.00852247 0.00915724 0.0103815 0.0100541 0.00989618 0.00897618 0.008512 0.00872004 0.00857701 0.0085844 0.00805549 0.00842058 0.00832461 0.00842374 0.00819957 0.0080595 0.00799351 0.00813241 0.00828486 0.00841236 0.00831885 0.00817781 0.00797626 0.00824501 0.00820326 0.00809358 0.00803843 0.00785532 0.00804344 0.00794972 0.00808789 0.00800223 
0.011798 0.0145099 0.0412842 0.0240184 0.0115972 0.0107536 0.0113629 0.028017 0.0126378 0.156068 0.0105682 0.00953017 0.0401014 0.0095997 0.00372017 0.0035921 0.00359009 0 0.00354875 0.00354222 0.00355999 0.00361076 0.0106988 0.0135703 0.0197362 0.0184122 0.0268295 0.0142959 0.0246178 0.0106897 0.00928352 0.00870125 0.00844562 0.00893787 0.010837 0.00939414 0.00890456 0.00911737 0.0118107 0.0189004 0.0317586 0.0301172 0.0127979 0.00957951 0.00841905 0.0104854 0.0163615 0.0210496 0.0109394 0.00879843 0.00845322 0.00964834 0.00976268 0.00871708 0.00811005 0.00879506 0.00875901 0.00841668 0.00816551 0.00805267 0.00789601 0.00810904 0.00841757 0.00882988 0.00845051 0.00831455 0.00794993 0.00829465 0.00831672 0.00813227 0.00799526 0.0078665 0.00799647 0.00795987 0.00808209 0.00797315 
0.0111682 0.0193436 0.0432881 0.0250196 0.011831 0.0114487 0.0145379 0.0146054 0.168285 0.0143851 0.0129054 0.0111693 0.0342553 0.0043867 0.00372836 0.00357307 0.00355339 0.00354875 0 0.00355116 0.00356957 0.00358132 0.0144985 0.0187165 0.0246341 0.0422911 0.0167074 0.0377958 0.015439 0.0116496 0.00868663 0.00885234 0.0084938 0.00916062 0.0106722 0.0098929 0.00855199 0.00993129 0.0122146 0.0295311 0.0406662 0.0332377 0.0164023 0.00895076 0.00864381 0.0101956 0.025224 0.0297814 0.0110922 0.00892742 0.00887956 0.00978007 0.0124218 0.00881169 0.00844201 0.00891604 0.00937544 0.0085024 0.00825749 0.0081713 0.0078921 0.00826052 0.00867079 0.00918052 0.00866828 0.0080788 0.00810681 0.00843928 0.00838504 0.00811513 0.00793775 0.00790968 0.00802628 0.00805349 0.00811975 0.00796482 
0.0103754 0.0221231 0.0648741 0.0329145 0.0130637 0.0099197 0.013152 0.132004 0.0171179 0.056452 0.0183324 0.0128359 0.00643613 0.00601171 0.00424777 0.00359764 0.00355667 0.00354222 0.00355116 0 0.00358104 0.00354452 0.0114458 0.027615 0.0512061 0.0319692 0.0567745 0.016838 0.0431751 0.0114649 0.00921244 0.00873402 0.00849921 0.00925618 0.0114647 0.0101279 0.00870932 0.00936843 0.0156951 0.0365813 0.0386843 0.0450203 0.0157481 0.0093224 0.00853474 0.0123698 0.0273238 0.0341633 0.0122821 0.00898187 0.00881084 0.0127522 0.014104 0.00908711 0.00829808 0.00938596 0.00961113 0.00862395 0.00833381 0.00816844 0.00788433 0.00824083 0.0087083 0.00984057 0.00873218 0.0081519 0.00802308 0.00853114 0.00851499 0.00818446 0.00800352 0.00790436 0.0080797 0.0081483 0.00813521 0.00799937 
0.0118394 0.0177249 0.0205219 0.10004 0.0304672 0.0133577 0.0971697 0.0142386 0.0183963 0.0158804 0.0652569 0.0238803 0.00680165 0.00751985 0.00595308 0.00377098 0.00363513 0.00355999 0.00356957 0.00358104 0 0.00359772 0.0126384 0.0208779 0.0228971 0.0470397 0.0255677 0.0213576 0.0197833 0.0349851 0.0115719 0.00967795 0.00980718 0.00964752 0.0115269 0.0148717 0.00884911 0.010389 0.0172311 0.0162362 0.0224931 0.01834 0.0358769 0.0119044 0.00892324 0.0109487 0.0144536 0.0171965 0.023191 0.00983971 0.00900095 0.00989009 0.0178004 0.0101126 0.00845601 0.00894831 0.00991851 0.0093041 0.00858297 0.00841191 0.00793758 0.00835222 0.00868169 0.00904213 0.00875266 0.00818823 0.00811371 0.00846094 0.00830953 0.00811365 0.00795043 0.00787608 0.00811169 0.00805049 0.00804479 0.00793579 
0.0171085 0.0126056 0.0116039 0.0224709 0.0910853 0.0676804 0.0121793 0.0118182 0.0114601 0.012569 0.0168589 0.0348909 0.0108505 0.00584901 0.00583342 0.00442437 0.00373068 0.00361076 0.00358132 0.00354452 0.00359772 0 0.017305 0.0183362 0.0160545 0.0148013 0.0227006 0.01364 0.018395 0.0157765 0.0449958 0.014282 0.0104492 0.0218294 0.0090986 0.00944377 0.0141265 0.0177112 0.0117276 0.0107903 0.0117093 0.0126118 0.013087 0.0239374 0.0123953 0.00934737 0.0103574 0.011402 0.0121516 0.0163103 0.0109719 0.00874434 0.0107097 0.0169629 0.00952201 0.00855594 0.00863757 0.0116378 0.00891829 0.00866216 0.00882324 0.00902988 0.00830582 0.00915608 0.0089003 0.00847173 0.00852783 0.00818235 0.00838176 0.00806054 0.00811179 0.00805894 0.00796346 0.00802604 0.00802217 0.00800976 
0.0366478 0.00969427 0.0138404 0.0112273 0.01592 0.0286712 0.00904467 0.0116735 0.0105094 0.0102643 0.0101148 0.0223305 0.0510359 0.00846899 0.048514 0.0517184 0.0102512 0.0106988 0.0144985 0.0114458 0.0126384 0.017305 0 0.00369457 0.00362284 0.00364844 0.0036587 0.00374538 0.00376673 0.00459495 0.00643813 0.0107062 0.0206069 0.010426 0.0102892 0.0110349 0.0123438 0.0187386 0.00984959 0.0110929 0.0110373 0.0104035 0.0131611 0.016026 0.0121107 0.00979351 0.00942529 0.0110456 0.00978594 0.0131542 0.0110114 0.00876012 0.00902227 0.00993558 0.0113864 0.0082477 0.00958209 0.0100435 0.00947591 0.00871336 0.00982941 0.00861501 0.00836825 0.0088817 0.00828183 0.00991325 0.00827673 0.00810151 0.00813096 0.00806928 0.00833146 0.00835882 0.00792391 0.00794832 0.0082863 0.00809678 
0.00936818 0.112411 0.0178727 0.0205011 0.01187 0.0100646 0.051953 0.0100899 0.0223778 0.0198033 0.0220256 0.00961283 0.00945124 0.0418122 0.0089323 0.00851603 0.0314596 0.0135703 0.0187165 0.027615 0.0208779 0.0183362 0.00369457 0 0.00356155 0.00356845 0.0035986 0.00357824 0.00398484 0.00400751 0.00402361 0.0274893 0.00848731 0.0157315 0.0101489 0.0107465 0.0109606 0.0121385 0.0267791 0.0171797 0.0213327 0.0267382 0.0153924 0.012227 0.0114661 0.0148459 0.0218847 0.0146929 0.0154922 0.0102927 0.0134533 0.0156996 0.0108111 0.0108574 0.00834917 0.0122183 0.00917 0.00952185 0.00899078 0.00872434 0.0079593 0.00855555 0.00887648 0.00914807 0.00948439 0.00826146 0.00817304 0.00852202 0.00849019 0.00832481 0.00804382 0.00787813 0.00803456 0.00817502 0.00812745 0.00815388 
0.0127714 0.0178729 0.142203 0.0297411 0.0132403 0.0132966 0.0140773 0.0576555 0.0355254 0.0551109 0.01852 0.0120323 0.013207 0.0087285 0.0121146 0.0107548 0.0093237 0.0197362 0.0246341 0.0512061 0.0228971 0.0160545 0.00362284 0.00356155 0 0.00355828 0.00356326 0.00357026 0.0037816 0.0039172 0.00380612 0.00989178 0.00934134 0.00985661 0.0215027 0.0118147 0.00896479 0.0127459 0.0187392 0.0501337 0.0552558 0.0616724 0.023579 0.0113471 0.00975608 0.0195321 0.0406732 0.0708979 0.0161432 0.00996996 0.0106744 0.0250321 0.0207829 0.00997842 0.00897531 0.0111299 0.0131349 0.00931808 0.00891779 0.00848287 0.0080603 0.00877026 0.00918243 0.0112651 0.00937369 0.00899412 0.00812462 0.00864259 0.00874003 0.00840856 0.00810311 0.00790464 0.00815263 0.0081972 0.0083567 0.00802133 
0.0143584 0.0363607 0.0986519 0.111586 0.0180865 0.0151355 0.0288835 0.0475649 0.0875755 0.0651425 0.0433181 0.0139342 0.0104251 0.0131404 0.0113874 0.00990932 0.0179346 0.0184122 0.0422911 0.0319692 0.0470397 0.0148013 0.00364844 0.00356845 0.00355828 0 0.00355961 0.00358856 0.0061485 0.00362533 0.00434776 0.0103272 0.0109391 0.0118917 0.0192442 0.0164097 0.00977152 0.0127302 0.0317715 0.0553331 0.137324 0.0714321 0.0583912 0.013827 0.0104779 0.0226938 0.0651777 0.0987876 0.0275497 0.0116816 0.0132939 0.0294182 0.0351117 0.013223 0.00979828 0.0151057 0.0195893 0.0110849 0.00946379 0.00912004 0.0081664 0.00898412 0.011169 0.015051 0.0113254 0.00877825 0.00833223 0.00991679 0.00940628 0.00877147 0.008075 0.00804173 0.00825215 0.0085258 0.00847433 0.00813081 
0.0122984 0.0349199 0.0895862 0.0441173 0.0332596 0.0128343 0.0311559 0.036003 0.0644733 0.0693977 0.0290574 0.0126892 0.00985898 0.0106639 0.0111081 0.00987088 0.0153739 0.0268295 0.0167074 0.0567745 0.0255677 0.0227006 0.0036587 0.0035986 0.00356326 0.00355961 0 0.00357924 0.00358 0.00364741 0.0035811 0.0117736 0.00928059 0.011852 0.0146068 0.0135233 0.0106904 0.0126787 0.0221169 0.0618277 0.0489402 0.0988614 0.0302186 0.0164734 0.0114198 0.0193152 0.0659138 0.0537944 0.0277978 0.0122756 0.0180228 0.02492 0.0288464 0.0153374 0.00885595 0.0168812 0.0161216 0.0118824 0.0100057 0.0089665 0.00802555 0.00889981 0.0101659 0.0130527 0.0110386 0.00861595 0.00838222 0.00903941 0.00897643 0.00853571 0.00808186 0.00790994 0.0081243 0.00823475 0.00833105 0.00806286 
0.0113378 0.0234152 0.0642883 0.0599094 0.0154454 0.0146431 0.018964 0.0497241 0.0488922 0.0501105 0.0255501 0.0120307 0.0104555 0.00948822 0.011031 0.0170363 0.0117478 0.0142959 0.0377958 0.016838 0.0213576 0.01364 0.00374538 0.00357824 0.00357026 0.00358856 0.00357924 0 0.0035368 0.00359261 0.00356165 0.00891124 0.00967367 0.0126086 0.0139027 0.0122238 0.00982532 0.011309 0.0249203 0.0331153 0.0917096 0.0429398 0.0396966 0.0123047 0.0103424 0.0216324 0.0415551 0.0705262 0.022793 0.0110553 0.0112064 0.0206036 0.0276677 0.0118655 0.00915413 0.013062 0.0160587 0.0102437 0.00884334 0.00875953 0.00800592 0.00863161 0.00972727 0.0130492 0.0105433 0.00890215 0.0082883 0.00895135 0.00890666 0.00845847 0.00807476 0.00793885 0.00805648 0.00836186 0.00833185 0.00802436 
0.00951252 0.0220261 0.0758816 0.0369007 0.0200424 0.012314 0.0314814 0.0309615 0.0510739 0.0549313 0.0254161 0.0118056 0.00983364 0.0113622 0.0102642 0.0103642 0.0130027 0.0246178 0.015439 0.0431751 0.0197833 0.018395 0.00376673 0.00398484 0.0037816 0.0061485 0.00358 0.0035368 0 0.00354504 0.00354221 0.0118063 0.0116861 0.0114934 0.0357925 0.0159372 0.00970463 0.0124661 0.0183432 0.0585187 0.0399307 0.079719 0.0266165 0.0139669 0.00991773 0.0142817 0.0577832 0.0532356 0.0204648 0.0106957 0.0103752 0.0179152 0.0233627 0.0121767 0.00882478 0.012426 0.0137204 0.01017 0.00882852 0.00853329 0.00793924 0.00860173 0.0095109 0.0112455 0.00990784 0.00848019 0.00818017 0.00888395 0.0088199 0.00851169 0.00801192 0.00787611 0.00824632 0.0082476 0.00826466 0.00804095 
0.0115204 0.0152588 0.0156757 0.0468222 0.0158385 0.0135207 0.0176623 0.016072 0.0124947 0.0148344 0.027657 0.0125188 0.011083 0.014019 0.0124291 0.0113036 0.0145458 0.0106897 0.0116496 0.0114649 0.0349851 0.0157765 0.00459495 0.00400751 0.0039172 0.00362533 0.00364741 0.00359261 0.00354504 0 0.00358183 0.0146124 0.022985 0.011263 0.0152312 0.05202 0.0102245 0.0121888 0.0209272 0.0134236 0.0220913 0.0148627 0.0425518 0.0132828 0.00999468 0.0144015 0.0133251 0.0182507 0.0194189 0.010551 0.00973183 0.0113648 0.0211531 0.0105292 0.00929398 0.00934081 0.0118693 0.00956397 0.00864954 0.00869554 0.00806172 0.00824742 0.0088842 0.00921805 0.00895009 0.00819846 0.0081676 0.00858047 0.00842749 0.00823358 0.00792827 0.00796871 0.00804797 0.00800531 0.00808856 0.00791608 
0.0124973 0.0103358 0.0103039 0.011118 0.0253699 0.0147646 0.0101557 0.00926495 0.00955701 0.00953077 0.0109277 0.0140517 0.0153737 0.00985014 0.0123724 0.0137803 0.00950666 0.00928352 0.00868663 0.00921244 0.0115719 0.0449958 0.00643813 0.00402361 0.00380612 0.00434776 0.0035811 0.00356165 0.00354221 0.00358183 0 0.0322335 0.0110851 0.0275274 0.00961601 0.011644 0.0675047 0.0191646 0.0103046 0.0102198 0.00986702 0.0103231 0.0105962 0.0207832 0.0145373 0.00932514 0.0098748 0.00983819 0.0105189 0.0115605 0.0120442 0.00903817 0.00982522 0.0115431 0.00949732 0.00864823 0.00877174 0.0103122 0.00882902 0.00849513 0.00848772 0.00861129 0.00829953 0.00828441 0.00835592 0.00827334 0.00826516 0.00812946 0.00808607 0.00801293 0.0079451 0.00804614 0.00795921 0.00802157 0.00798722 0.00803984 
0.0092717 0.0112377 0.00880502 0.00948078 0.0126353 0.00897526 0.00954813 0.00839259 0.00877881 0.00880348 0.00942127 0.0107681 0.00988613 0.0122539 0.0109991 0.00879966 0.0106221 0.00870125 0.00885234 0.00873402 0.00967795 0.014282 0.0107062 0.0274893 0.00989178 0.0103272 0.0117736 0.00891124 0.0118063 0.0146124 0.0322335 0 0.0149798 0.00636017 0.0168697 0.00680811 0.0271779 0.00867252 0.00949449 0.00822567 0.0084412 0.00952752 0.0119134 0.0236552 0.0116812 0.00994197 0.00925227 0.00889267 0.0101304 0.0179755 0.0135724 0.0113311 0.00913448 0.0145072 0.00897836 0.00941459 0.00859888 0.0122981 0.0093421 0.0102905 0.00897857 0.00884395 0.00864537 0.00840862 0.0088138 0.00864737 0.00808206 0.0081193 0.00814099 0.00804891 0.00825689 0.00804641 0.00804207 0.00800718 0.00796945 0.00871802 
0.0100949 0.00852303 0.00852449 0.00887476 0.0101873 0.0105787 0.00816173 0.00838133 0.00854694 0.00847851 0.00881498 0.0103685 0.0125885 0.0086043 0.011532 0.00968918 0.00847838 0.00844562 0.0084938 0.00849921 0.00980718 0.0104492 0.0206069 0.00848731 0.00934134 0.0109391 0.00928059 0.00967367 0.0116861 0.022985 0.0110851 0.0149798 0 0.0461758 0.00400424 0.00492532 0.00492345 0.0108796 0.00802124 0.00807512 0.0116099 0.00945871 0.0147311 0.010878 0.0113528 0.009248 0.00853212 0.00903442 0.0100235 0.00996892 0.0100705 0.00895191 0.00980586 0.00926024 0.0101958 0.00824782 0.00904149 0.00897867 0.00887068 0.0084554 0.00927739 0.00829807 0.00818798 0.00830565 0.00815628 0.0088369 0.008154 0.00809361 0.00802002 0.00808257 0.00805821 0.00806057 0.00798333 0.00794413 0.00807531 0.00792392 
0.00889987 0.0110885 0.00989214 0.0102465 0.0174975 0.00911584 0.0103032 0.00873966 0.0108381 0.009772 0.00978352 0.016559 0.00992921 0.00953546 0.0158461 0.00882849 0.00979916 0.00893787 0.00916062 0.00925618 0.00964752 0.0218294 0.010426 0.0157315 0.00985661 0.0118917 0.011852 0.0126086 0.0114934 0.011263 0.0275274 0.00636017 0.0461758 0 0.00358923 0.00367398 0.00546235 0.00576826 0.00797614 0.0340655 0.0239717 0.0241101 0.00899139 0.0391576 0.0108943 0.00914936 0.0116096 0.00977472 0.0119203 0.0234549 0.0180697 0.0114535 0.0097798 0.0281529 0.00907126 0.0101156 0.00907258 0.0211982 0.00951244 0.0113301 0.00980167 0.00888673 0.00865906 0.00853355 0.00923555 0.0114239 0.00821752 0.00808646 0.00815154 0.00822065 0.00903409 0.00790959 0.0078692 0.00790026 0.00820962 0.00895293 
0.00879803 0.0100696 0.0227033 0.0147234 0.00928497 0.00917465 0.00940235 0.0165315 0.0124211 0.0135074 0.0110212 0.00897585 0.00891002 0.00887582 0.00938561 0.00879775 0.00909696 0.010837 0.0106722 0.0114647 0.0115269 0.0090986 0.0102892 0.0101489 0.0215027 0.0192442 0.0146068 0.0139027 0.0357925 0.0152312 0.00961601 0.0168697 0.00400424 0.00358923 0 0.00372177 0.00355707 0.0062597 0.0343939 0.0211123 0.017637 0.00875533 0.0236638 0.00805032 0.00863999 0.0130954 0.0110944 0.0208538 0.013814 0.00899256 0.0108638 0.0195764 0.0194603 0.00955129 0.00934679 0.0101414 0.0126518 0.00902568 0.00876042 0.0085976 0.00805823 0.00826573 0.00881581 0.00944714 0.00902218 0.00838829 0.00806324 0.0083762 0.00847583 0.00828599 0.00799192 0.00792472 0.00801182 0.00809598 0.00818008 0.00799544 
0.0091246 0.0105525 0.0122346 0.0203003 0.00956997 0.00893287 0.00979206 0.00955808 0.0107661 0.0116743 0.0126048 0.00893676 0.00986903 0.00973745 0.00925644 0.00874052 0.00958965 0.00939414 0.0098929 0.0101279 0.0148717 0.00944377 0.0110349 0.0107465 0.0118147 0.0164097 0.0135233 0.0122238 0.0159372 0.05202 0.011644 0.00680811 0.00492532 0.00367398 0.00372177 0 0.0036041 0.0242813 0.0187073 0.0156827 0.0078802 0.0153667 0.00981232 0.00799762 0.00871558 0.0127046 0.0117972 0.0145796 0.0169708 0.00935078 0.0103228 0.0166314 0.0247642 0.00995979 0.0101046 0.0107848 0.0123662 0.00915616 0.00900092 0.00881117 0.0082006 0.00845958 0.00888978 0.00928694 0.00890435 0.00822329 0.00815448 0.00850017 0.00844656 0.00817439 0.00792788 0.00797516 0.00805657 0.00809935 0.00806241 0.007952 
0.0105606 0.0099849 0.00923921 0.00893053 0.0130791 0.0114564 0.00882689 0.00847782 0.00900139 0.00886995 0.00912817 0.00969853 0.0136889 0.00943633 0.00932055 0.0102697 0.00964997 0.00890456 0.00855199 0.00870932 0.00884911 0.0141265 0.0123438 0.0109606 0.00896479 0.00977152 0.0106904 0.00982532 0.00970463 0.0102245 0.0675047 0.0271779 0.00492345 0.00546235 0.00355707 0.0036041 0 0.017302 0.0087176 0.00609693 0.0120073 0.00636303 0.00691829 0.00977457 0.0135384 0.00917004 0.00924327 0.00884985 0.00935334 0.0107934 0.0195873 0.0101203 0.00958479 0.015603 0.0117163 0.00967904 0.00858639 0.0112836 0.0108515 0.00909033 0.00881098 0.00923436 0.00864884 0.0084124 0.0085595 0.00841895 0.00915845 0.00827041 0.00814653 0.00820742 0.00801321 0.0083326 0.00819155 0.00793904 0.0079674 0.00839513 
0.0112116 0.00972586 0.0111319 0.0103589 0.0145126 0.0143217 0.00955868 0.00936989 0.0101533 0.0104016 0.0102523 0.0189172 0.0105225 0.00869649 0.0180084 0.0103275 0.00930558 0.00911737 0.00993129 0.00936843 0.010389 0.0177112 0.0187386 0.0121385 0.0127459 0.0127302 0.0126787 0.011309 0.0124661 0.0121888 0.0191646 0.00867252 0.0108796 0.00576826 0.0062597 0.0242813 0.017302 0 0.00365599 0.00358411 0.00364753 0.00365023 0.00391085 0.00553296 0.00799825 0.00713586 0.00846684 0.00865984 0.0117229 0.0543056 0.0896779 0.0126937 0.012795 0.0234488 0.0150457 0.0109961 0.0112691 0.0188802 0.0109073 0.011486 0.0107479 0.00982544 0.00892204 0.00900807 0.00962262 0.0128065 0.00837678 0.00815939 0.00840094 0.0084012 0.00920692 0.00795523 0.00786347 0.0080128 0.00821976 0.00857931 
0.00867087 0.0175844 0.0211894 0.0207465 0.0118444 0.00995533 0.0191255 0.012473 0.0240971 0.0164327 0.024294 0.0100886 0.00884423 0.0109814 0.0100875 0.00907615 0.0109595 0.0118107 0.0122146 0.0156951 0.0172311 0.0117276 0.00984959 0.0267791 0.0187392 0.0317715 0.0221169 0.0249203 0.0183432 0.0209272 0.0103046 0.00949449 0.00802124 0.00797614 0.0343939 0.0187073 0.0087176 0.00365599 0 0.00357296 0.00360409 0.00363685 0.00384445 0.00404699 0.0066186 0.00836526 0.00847879 0.0133888 0.0311571 0.694588 0.0188595 0.0486835 0.0245561 0.0144753 0.0111668 0.0234106 0.0211097 0.0132246 0.0112247 0.00975465 0.00843153 0.00887444 0.011013 0.011791 0.013138 0.0092266 0.00816638 0.00929013 0.00889848 0.00869236 0.00816603 0.00788883 0.00808294 0.00817262 0.0083294 0.00811101 
0.00935566 0.0157352 0.0791495 0.0350556 0.0125201 0.0105082 0.0160848 0.0438768 0.0439724 0.0697416 0.0173497 0.010465 0.00915481 0.00928073 0.0103788 0.00905049 0.0113209 0.0189004 0.0295311 0.0365813 0.0162362 0.0107903 0.0110929 0.0171797 0.0501337 0.0553331 0.0618277 0.0331153 0.0585187 0.0134236 0.0102198 0.00822567 0.00807512 0.0340655 0.0211123 0.0156827 0.00609693 0.00358411 0.00357296 0 0.00360919 0.00358079 0.00399831 0.00363672 0.00734468 0.00722182 0.0145407 0.0227653 0.871611 0.01306 0.0180715 0.0389292 0.0371687 0.014211 0.0108547 0.030422 0.0274876 0.0132765 0.0103305 0.00955166 0.00809948 0.00940823 0.0125142 0.0253044 0.0140727 0.00974079 0.00856559 0.00970994 0.0111665 0.00900392 0.00828037 0.00796985 0.00812235 0.00844104 0.00847575 0.00818763 
0.00944644 0.0301494 0.0702059 0.0631903 0.0130927 0.0118487 0.0269057 0.035334 0.122891 0.0602255 0.030766 0.0107333 0.00913877 0.0113391 0.0103246 0.00919932 0.0119271 0.0317586 0.0406662 0.0386843 0.0224931 0.0117093 0.0110373 0.0213327 0.0552558 0.137324 0.0489402 0.0917096 0.0399307 0.0220913 0.00986702 0.0084412 0.0116099 0.0239717 0.017637 0.0078802 0.0120073 0.00364753 0.00360409 0.00360919 0 0.00356567 0.00360138 0.00361254 0.0059549 0.0108451 0.0232861 0.941881 0.0252473 0.00959203 0.022569 0.0640853 0.0429489 0.0214867 0.0148868 0.035181 0.035894 0.0181027 0.0119888 0.01046 0.00839479 0.00948877 0.0200742 0.0355451 0.0223135 0.00961521 0.00870984 0.0116516 0.0124885 0.00970071 0.0082027 0.00809008 0.0082542 0.00883529 0.00871664 0.0082045 
0.00989729 0.0221813 0.0863328 0.0444751 0.015121 0.0113947 0.0238746 0.0537548 0.0623593 0.0840941 0.0241619 0.010816 0.00915549 0.01013 0.0102753 0.00924328 0.0150749 0.0301172 0.0332377 0.0450203 0.01834 0.0126118 0.0104035 0.0267382 0.0616724 0.0714321 0.0988614 0.0429398 0.079719 0.0148627 0.0103231 0.00952752 0.00945871 0.0241101 0.00875533 0.0153667 0.00636303 0.00365023 0.00363685 0.00358079 0.00356567 0 0.00355747 0.00362475 0.00755742 0.0116792 0.935148 0.0418382 0.0169121 0.00707368 0.0236741 0.044119 0.0555609 0.0202581 0.012956 0.0432906 0.0342546 0.0174626 0.0119056 0.0108279 0.00819303 0.0105016 0.0149154 0.0353467 0.0200049 0.00968678 0.00873925 0.0112797 0.013244 0.00937194 0.00827688 0.00799429 0.00822006 0.00870681 0.00849815 0.00818364 
0.00963265 0.0150005 0.0231996 0.0550658 0.0145903 0.0129695 0.0172563 0.0200196 0.0218799 0.0250596 0.0363176 0.0121591 0.00973936 0.0135577 0.0109564 0.00963526 0.0118173 0.0127979 0.0164023 0.0157481 0.0358769 0.013087 0.0131611 0.0153924 0.023579 0.0583912 0.0302186 0.0396966 0.0266165 0.0425518 0.0105962 0.0119134 0.0147311 0.00899139 0.0236638 0.00981232 0.00691829 0.00391085 0.00384445 0.00399831 0.00360138 0.00355747 0 0.00357468 0.0298274 0.934525 0.0303482 0.0212492 0.0215563 0.0085128 0.0146115 0.0497919 0.104906 0.0276514 0.0127163 0.0230456 0.0564271 0.0174061 0.011621 0.0128865 0.00877859 0.00989073 0.0133626 0.0194202 0.0169377 0.0097281 0.00950548 0.0108824 0.00993187 0.00902556 0.00807414 0.00803798 0.00829758 0.0083859 0.00834053 0.00801836 
0.0111631 0.0103004 0.0112053 0.0122575 0.0270896 0.014578 0.00993023 0.00954417 0.0104496 0.0111542 0.0115394 0.014375 0.0147263 0.00965277 0.0117039 0.0123893 0.00956575 0.00957951 0.00895076 0.0093224 0.0119044 0.0239374 0.016026 0.012227 0.0113471 0.013827 0.0164734 0.0123047 0.0139669 0.0132828 0.0207832 0.0236552 0.010878 0.0391576 0.00805032 0.00799762 0.00977457 0.00553296 0.00404699 0.00363672 0.00361254 0.00362475 0.00357468 0 0.965001 0.00898656 0.00873459 0.00656302 0.0154807 0.00954162 0.0227779 0.0129276 0.0258834 0.0468775 0.0159857 0.0117566 0.0121116 0.033349 0.0137097 0.0127266 0.00964535 0.0106042 0.00987364 0.0101118 0.011132 0.0103005 0.010705 0.0087516 0.00858179 0.00839944 0.00825419 0.00845137 0.00826523 0.00808561 0.00799207 0.00811705 
0.0089278 0.00872291 0.00948053 0.00905654 0.0112989 0.00907499 0.00845418 0.00856807 0.00918606 0.00885961 0.00879801 0.0114166 0.00921093 0.00840702 0.0115798 0.00892378 0.00852247 0.00841905 0.00864381 0.00853474 0.00892324 0.0123953 0.0121107 0.0114661 0.00975608 0.0104779 0.0114198 0.0103424 0.00991773 0.00999468 0.0145373 0.0116812 0.0113528 0.0108943 0.00863999 0.00871558 0.0135384 0.00799825 0.0066186 0.00734468 0.0059549 0.00755742 0.0298274 0.965001 0 0.00362709 0.00358567 0.00359666 0.00367821 0.00590858 0.116175 0.0136851 0.0106927 0.0224015 0.0141758 0.0110415 0.00980424 0.0191584 0.0097243 0.0110652 0.00981115 0.00927173 0.00885663 0.00888543 0.00920388 0.0117519 0.00827416 0.00813784 0.00825973 0.0081824 0.00832819 0.00793372 0.0078923 0.00794183 0.00810122 0.00841136 
0.00829063 0.0104576 0.0150996 0.0141324 0.0093242 0.00908576 0.0104503 0.0117319 0.0135632 0.0133447 0.0113265 0.00910273 0.00844663 0.00898544 0.00968576 0.00854923 0.00915724 0.0104854 0.0101956 0.0123698 0.0109487 0.00934737 0.00979351 0.0148459 0.0195321 0.0226938 0.0193152 0.0216324 0.0142817 0.0144015 0.00932514 0.00994197 0.009248 0.00914936 0.0130954 0.0127046 0.00917004 0.00713586 0.00836526 0.00722182 0.0108451 0.0116792 0.934525 0.00898656 0.00362709 0 0.00359353 0.00358117 0.00367258 0.00372506 0.0633751 0.100268 0.0235552 0.0114914 0.0122197 0.0240823 0.0202672 0.0104646 0.0106243 0.00925417 0.00846063 0.0087991 0.0107785 0.0124062 0.0112884 0.00931068 0.00806045 0.00914271 0.00875644 0.00857076 0.00813248 0.00787067 0.00810359 0.00810631 0.00835545 0.00806509 
0.00861323 0.0147959 0.0416563 0.0294277 0.0113034 0.0093829 0.015647 0.0216821 0.0464025 0.044389 0.0186369 0.00954392 0.00867656 0.0089296 0.00893553 0.00865261 0.0103815 0.0163615 0.025224 0.0273238 0.0144536 0.0103574 0.00942529 0.0218847 0.0406732 0.0651777 0.0659138 0.0415551 0.0577832 0.0133251 0.0098748 0.00925227 0.00853212 0.0116096 0.0110944 0.0117972 0.00924327 0.00846684 0.00847879 0.0145407 0.0232861 0.935148 0.0303482 0.00873459 0.00358567 0.00359353 0 0.00354969 0.00357341 0.00357493 0.120527 0.100696 0.0559206 0.0154993 0.0139016 0.0429114 0.0251729 0.0144736 0.0110062 0.00981552 0.0083214 0.00940968 0.0153174 0.0348672 0.0230496 0.0103073 0.00853853 0.0103041 0.0138558 0.00926561 0.00825116 0.00800477 0.00818293 0.00854268 0.00841594 0.00815494 
0.00895817 0.0132027 0.0499256 0.0353772 0.0121554 0.0112655 0.0142483 0.0395063 0.0456204 0.0460418 0.0189017 0.0104294 0.00889861 0.00906503 0.0097637 0.00895579 0.0100541 0.0210496 0.0297814 0.0341633 0.0171965 0.011402 0.0110456 0.0146929 0.0708979 0.0987876 0.0537944 0.0705262 0.0532356 0.0182507 0.00983819 0.00889267 0.00903442 0.00977472 0.0208538 0.0145796 0.00884985 0.00865984 0.0133888 0.0227653 0.941881 0.0418382 0.0212492 0.00656302 0.00359666 0.00358117 0.00354969 0 0.00357068 0.00356839 0.0493879 0.173661 0.0696958 0.0248466 0.0143986 0.0339601 0.0358334 0.0166591 0.01213 0.0101099 0.00837357 0.00960047 0.018017 0.0513209 0.0206561 0.0108447 0.00863207 0.012247 0.013363 0.00965626 0.00846609 0.00802505 0.00825837 0.00860471 0.00860817 0.00814054 
