1URNA
AVPETRPNHTIYINNLNEKIKKDELKKSLHAIFSRFGQILDILVSRSLKMRGQAFVIFKEVSSATNALRSMQGFPFYDKPMRIQYAKTDSDIIAKM
CCCCCCCCCEEEEECCCCCCCHHHHHHHHHHHHHHHCCEEEEEECCCCCCCCCEEEEECCHHHHHHHHHHHCCCEECCEECEEEECCCCCHHHHHC
0 0 0 0 0 0 0 0 0 0 0 0 0 0 0 0 0 0 0 0 0 0 0 0 0 0 0 0 0 0 0 0 0 0 0 0 0 0 0 0 0 0 0 0 0 0 0 0 0 0 0 0 0 0 0 0 0 0 0 0 0 0 0 0 0 0 0 0 0 0 0 0 0 0 0 0 0 0 0 0 0 0 0 0 0 0 0 0 0 0 0 0 0 0 0 0 
0 0 0 0 0 0 0 0 0 0 0 0 0 0 0 0 0 0 0 0 0 0 0 0 0 0 0 0 0 0 0 0 0 0 0 0 0 0 0 0 0 0 0 0 0 0 0 0 0 0 0 0 0 0 0 0 0 0 0 0 0 0 0 0 0 0 0 0 0 0 0 0 0 0 0 0 0 0 0 0 0 0 0 0 0 0 0 0 0 0 0 0 0 0 0 0 
0 0.00375074 0.00370069 0.00371795 0.00489171 0.0852975 0.0163724 0.0144305 0.0104193 0.0199496 0.0169902 0.0154614 0.0145178 0.010849 0.0182807 0.0178039 0.00946395 0.00997192 0.00881458 0.0097606 0.0126857 0.00994766 0.0115862 0.0134437 
0.00375074 0 0.00368246 0.00378853 0.00367339 0.0488576 0.134871 0.0177022 0.0683438 0.0126353 0.0185036 0.0162787 0.0214248 0.103854 0.0185197 0.0158779 0.00892949 0.00993041 0.00844679 0.0101784 0.0102524 0.0471494 0.0131547 0.0129491 
0.00370069 0.00368246 0 0.0035921 0.00356439 0.016703 0.0271303 0.214314 0.0196492 0.0642802 0.0101548 0.0107325 0.0774692 0.032786 0.0400106 0.00999492 0.0090573 0.00872011 0.00837652 0.00878994 0.0250448 0.0113533 0.0378792 0.00937815 
0.00371795 0.00378853 0.0035921 0 0.00359674 0.0196687 0.036203 0.0119826 0.0707804 0.0305492 0.0246416 0.0173264 0.0127544 0.0406553 0.0167267 0.0154941 0.00919469 0.0105029 0.0083026 0.00963049 0.00956597 0.0457024 0.0117756 0.0106242 
0.00489171 0.00367339 0.00356439 0.00359674 0 0.0284822 0.0101214 0.0229881 0.0097444 0.0495071 0.0525526 0.0180785 0.0132495 0.00985614 0.0168502 0.0131798 0.0114432 0.0109191 0.00945564 0.00966987 0.0252443 0.00874641 0.0125265 0.0110106 
0.0852975 0.0488576 0.016703 0.0196687 0.0284822 0 0.00475949 0.00361709 0.00382785 0.00408387 0.00725207 0.0115875 0.00839863 0.0094289 0.013055 0.480374 0.0133007 0.0116931 0.0096001 0.0114697 0.0105417 0.0116964 0.00975834 0.0186638 
0.0163724 0.134871 0.0271303 0.036203 0.0101214 0.00475949 0 0.00355454 0.00359138 0.00358342 0.00363986 0.00824559 0.0103032 0.0120929 0.0485364 0.137826 0.00875907 0.0090636 0.00871936 0.00913263 0.00933132 0.0191756 0.0108271 0.00967108 
0.0144305 0.0177022 0.214314 0.0119826 0.0229881 0.00361709 0.00355454 0 0.00354446 0.00357638 0.00357846 0.00739396 0.018615 0.0161909 0.811537 0.00955206 0.00983785 0.00857779 0.00890532 0.0085832 0.01876 0.00968146 0.0300043 0.00907179 
0.0104193 0.0683438 0.0196492 0.0707804 0.0097444 0.00382785 0.00359138 0.00354446 0 0.00354299 0.0035988 0.0136567 0.00977377 0.901624 0.00994923 0.0138655 0.00923667 0.00950387 0.0082719 0.0112389 0.010316 0.074845 0.0103945 0.0112015 
0.0199496 0.0126353 0.0642802 0.0305492 0.0495071 0.00408387 0.00358342 0.00357638 0.00354299 0 0.00359734 0.00898475 0.904318 0.00983818 0.0281008 0.00898008 0.0146718 0.0100074 0.011177 0.00947071 0.0210396 0.0107858 0.0495498 0.0100171 
0.0169902 0.0185036 0.0101548 0.0246416 0.0525526 0.00725207 0.00363986 0.00357846 0.0035988 0.00359734 0 0.881352 0.00798145 0.0128588 0.00962331 0.0489931 0.0107638 0.0177625 0.00896817 0.0124871 0.0135155 0.0154466 0.0104207 0.0204066 
0.0154614 0.0162787 0.0107325 0.0173264 0.0180785 0.0115875 0.00824559 0.00739396 0.0136567 0.00898475 0.881352 0 0.00361092 0.00363822 0.00378873 0.00473502 0.0130669 0.0223395 0.00896826 0.0200073 0.011873 0.0195893 0.0113948 0.0421901 
0.0145178 0.0214248 0.0774692 0.0127544 0.0132495 0.00839863 0.0103032 0.018615 0.00977377 0.904318 0.00798145 0.00361092 0 0.0035948 0.0035787 0.00359326 0.0240831 0.010668 0.0115669 0.00892548 0.0195447 0.0137496 0.0852187 0.0102796 
0.010849 0.103854 0.032786 0.0406553 0.00985614 0.0094289 0.0120929 0.0161909 0.901624 0.00983818 0.0128588 0.00363822 0.0035948 0 0.00357441 0.00357958 0.0122259 0.0122876 0.00795061 0.010416 0.0130972 0.124713 0.0194748 0.014812 
0.0182807 0.0185197 0.0400106 0.0167267 0.0168502 0.013055 0.0485364 0.811537 0.00994923 0.0281008 0.00962331 0.00378873 0.0035787 0.00357441 0 0.00364326 0.0346032 0.0189163 0.0103728 0.0120522 0.0255151 0.0283506 0.0986368 0.0127891 
0.0178039 0.0158779 0.00999492 0.0154941 0.0131798 0.480374 0.137826 0.00955206 0.0138655 0.00898008 0.0489931 0.00473502 0.00359326 0.00357958 0.00364326 0 0.0273211 0.0332225 0.00971515 0.0120331 0.0240402 0.0175069 0.01807 0.042956 
0.00946395 0.00892949 0.0090573 0.00919469 0.0114432 0.0133007 0.00875907 0.00983785 0.00923667 0.0146718 0.0107638 0.0130669 0.0240831 0.0122259 0.0346032 0.0273211 0 0.00360814 0.00464349 0.907625 0.00541352 0.00529469 0.0084872 0.0138208 
0.00997192 0.00993041 0.00872011 0.0105029 0.0109191 0.0116931 0.0090636 0.00857779 0.00950387 0.0100074 0.0177625 0.0223395 0.010668 0.0122876 0.0189163 0.0332225 0.00360814 0 0.962694 0.00430142 0.00416338 0.00792431 0.0063583 0.00752456 
0.00881458 0.00844679 0.00837652 0.0083026 0.00945564 0.0096001 0.00871936 0.00890532 0.0082719 0.011177 0.00896817 0.00896826 0.0115669 0.00795061 0.0103728 0.00971515 0.00464349 0.962694 0 0.0118124 0.00387202 0.00430144 0.00602035 0.00925892 
0.0097606 0.0101784 0.00878994 0.00963049 0.00966987 0.0114697 0.00913263 0.0085832 0.0112389 0.00947071 0.0124871 0.0200073 0.00892548 0.010416 0.0120522 0.0120331 0.907625 0.00430142 0.0118124 0 0.00367707 0.0036534 0.00568104 0.00434764 
0.0126857 0.0102524 0.0250448 0.00956597 0.0252443 0.0105417 0.00933132 0.01876 0.010316 0.0210396 0.0135155 0.011873 0.0195447 0.0130972 0.0255151 0.0240402 0.00541352 0.00416338 0.00387202 0.00367707 0 0.00361976 0.003588 0.00382636 
0.00994766 0.0471494 0.0113533 0.0457024 0.00874641 0.0116964 0.0191756 0.00968146 0.074845 0.0107858 0.0154466 0.0195893 0.0137496 0.124713 0.0283506 0.0175069 0.00529469 0.00792431 0.00430144 0.0036534 0.00361976 0 0.00377666 0.00359835 
0.0115862 0.0131547 0.0378792 0.0117756 0.0125265 0.00975834 0.0108271 0.0300043 0.0103945 0.0495498 0.0104207 0.0113948 0.0852187 0.0194748 0.0986368 0.01807 0.0084872 0.0063583 0.00602035 0.00568104 0.003588 0.00377666 0 0.00361381 
0.0134437 0.0129491 0.00937815 0.0106242 0.0110106 0.0186638 0.00967108 0.00907179 0.0112015 0.0100171 0.0204066 0.0421901 0.0102796 0.014812 0.0127891 0.042956 0.0138208 0.00752456 0.00925892 0.00434764 0.00382636 0.00359835 0.00361381 0 
