1UW1A
DDKKTNWLKRIYRVRPCVKCKVAPRNWKVKNKHLRIYNMCKTCFNNSIDIGDDTYHGHDDWLMYADS
CCHHHHHHHHHHHCCECCCCCCCECCEEEECCEEEEECCCHHHHHHHHHHCCCCCCCEEEEECCCCC
0 0 0 0 0 0 0 0 0 0 0 0 0 0 0 0 0 0 0 0 0 0 0 0 0 0 0 0 0 0 0 0 0 0 0 0 0 0 0 0 0 0 0 0 0 0 0 0 0 0 0 0 0 0 0 0 0 0 0 0 0 0 0 0 0 0 0 
0 0 0 0 0 0 0 0 0 0 0 0 0 0 0 0 0 0 0 0 0 0 0 0 0 0 0 0 0 0 0 0 0 0 0 0 0 0 0 0 0 0 0 0 0 0 0 0 0 0 0 0 0 0 0 0 0 0 0 0 0 0 0 0 0 0 0 
0 0.66699 0.00825766 0.00729026 0.00718761 0.012501 0.0105337 0.00870208 0.0088635 0.0103065 0.0150867 0.0122918 0.00815956 0.00810623 0.0086568 0.00950297 
0.66699 0 0.0198603 0.00410898 0.00394421 0.00604666 0.00958256 0.00632547 0.0063119 0.0102396 0.0589269 0.0110867 0.00818597 0.007985 0.00850367 0.0108587 
0.00825766 0.0198603 0 0.00397096 0.00369651 0.007364 0.00407567 0.00479944 0.00650536 0.86873 0.0192641 0.008676 0.00804505 0.00796562 0.0090609 0.0201491 
0.00729026 0.00410898 0.00397096 0 0.00412644 0.00388143 0.00503505 0.00688095 0.948872 0.00851669 0.00666947 0.00806266 0.00825553 0.0084869 0.0199684 0.00846582 
0.00718761 0.00394421 0.00369651 0.00412644 0 0.00361062 0.00458942 0.964549 0.00564284 0.00809817 0.00389306 0.00837104 0.0111416 0.00857518 0.00862963 0.00843005 
0.012501 0.00604666 0.007364 0.00388143 0.00361062 0 0.976842 0.00409047 0.00471354 0.00486508 0.00424348 0.0113312 0.0153627 0.00795852 0.00846231 0.00880771 
0.0105337 0.00958256 0.00407567 0.00503505 0.00458942 0.976842 0 0.00367929 0.00369962 0.00365508 0.00511193 0.0154088 0.00790726 0.00818432 0.00882596 0.245849 
0.00870208 0.00632547 0.00479944 0.00688095 0.964549 0.00409047 0.00367929 0 0.00354722 0.00376275 0.00357873 0.00910826 0.0199156 0.00842462 0.346882 0.0148042 
0.0088635 0.0063119 0.00650536 0.948872 0.00564284 0.00471354 0.00369962 0.00354722 0 0.0035436 0.00359109 0.011307 0.00977866 0.586286 0.0131262 0.0108749 
0.0103065 0.0102396 0.86873 0.00851669 0.00809817 0.00486508 0.00365508 0.00376275 0.0035436 0 0.00362372 0.0104191 0.569443 0.0108113 0.0613506 0.0101945 
0.0150867 0.0589269 0.0192641 0.00666947 0.00389306 0.00424348 0.00511193 0.00357873 0.00359109 0.00362372 0 0.654247 0.00761544 0.0103401 0.0105444 0.0340339 
0.0122918 0.0110867 0.008676 0.00806266 0.00837104 0.0113312 0.0154088 0.00910826 0.011307 0.0104191 0.654247 0 0.0218168 0.0036665 0.00392798 0.0117434 
0.00815956 0.00818597 0.00804505 0.00825553 0.0111416 0.0153627 0.00790726 0.0199156 0.00977866 0.569443 0.00761544 0.0218168 0 0.00357482 0.00361891 0.00357613 
0.00810623 0.007985 0.00796562 0.0084869 0.00857518 0.00795852 0.00818432 0.00842462 0.586286 0.0108113 0.0103401 0.0036665 0.00357482 0 0.00354047 0.0035414 
0.0086568 0.00850367 0.0090609 0.0199684 0.00862963 0.00846231 0.00882596 0.346882 0.0131262 0.0613506 0.0105444 0.00392798 0.00361891 0.00354047 0 0.00359145 
0.00950297 0.0108587 0.0201491 0.00846582 0.00843005 0.00880771 0.245849 0.0148042 0.0108749 0.0101945 0.0340339 0.0117434 0.00357613 0.0035414 0.00359145 0 
