1VJGA
SKTQIRICFVGDSFVNGTGDPECLGWTGRVCVNANKKGYDVTYYNLGIRRDTSSDIAKRWLQEVSLRLHKEYNSLVVFSFGLNDTTLENGKPRVSIAETIKNTREILTQAKKLYPVLXISPAPYIEQQDPGRRRRTIDLSQQLALVCQDLDVPYLDVFPLLEKPSVWLHEAKANDGVHPQAGGYTEFARIVENWDAWLNWF
CCEEEEEEEEECHHHHCCCCCCCCHHHHHHHHHHHHCCEEEEEEEEECCCCCHHHHHHHHHHHHHCCCCCCCEEEEEEECCHHHHCEECCEECCCHHHHHHHHHHHHHHHHHHCCEEEECCCCCCCCCCCCHHHHHHHHHHHHHHHHHHHCCCEECCCHHHCCCCCHHHHHHHCCCCCCCHHHHHHHHHHHHCCHHHHCCC
0 0 0 0 0 0 0 0 0 0 0 0 0 0 0 0 0 0 0 0 0 0 0 0 0 0 0 0 0 0 0 0 0 0 0 0 0 0 0 0 0 0 0 0 0 0 0 0 0 0 0 0 0 0 0 0 0 0 0 0 0 0 0 0 0 0 0 0 0 0 0 0 0 0 0 0 0 0 0 0 0 0 0 0 0 0 0 0 0 0 0 0 0 0 0 0 0 0 0 0 0 0 0 0 0 0 0 0 0 0 0 0 0 0 0 0 0 0 0 0 0 0 0 0 0 0 0 0 0 0 0 0 0 0 0 0 0 0 0 0 0 0 0 0 0 0 0 0 0 0 0 0 0 0 0 0 0 0 0 0 0 0 0 0 0 0 0 0 0 0 0 0 0 0 0 0 0 0 0 0 0 0 0 0 0 0 0 0 0 0 0 0 0 0 0 0 0 0 0 0 0 
0 0 0 0 0 0 0 0 0 0 0 0 0 0 0 0 0 0 0 0 0 0 0 0 0 0 0 0 0 0 0 0 0 0 0 0 0 0 0 0 0 0 0 0 0 0 0 0 0 0 0 0 0 0 0 0 0 0 0 0 0 0 0 0 0 0 0 0 0 0 0 0 0 0 0 0 0 0 0 0 0 0 0 0 0 0 0 0 0 0 0 0 0 0 0 0 0 0 0 0 0 0 0 0 0 0 0 0 0 0 0 0 0 0 0 0 0 0 0 0 0 0 0 0 0 0 0 0 0 0 0 0 0 0 0 0 0 0 0 0 0 0 0 0 0 0 0 0 0 0 0 0 0 0 0 0 0 0 0 0 0 0 0 0 0 0 0 0 0 0 0 0 0 0 0 0 0 0 0 0 0 0 0 0 0 0 0 0 0 0 0 0 0 0 0 0 0 0 0 0 0 
0 0.00413678 0.0036878 0.00371713 0.00373597 0.00390714 0.00426637 0.00507867 0.0114274 0.0775671 0.00915011 0.0125512 0.00976904 0.0104865 0.00966897 0.00876358 0.0109942 0.0134417 0.0109506 0.00857417 0.00912126 0.00967203 0.00942624 0.00980407 0.0114576 0.00892427 0.0104859 0.00873472 0.00967622 0.00909806 0.00841433 0.00904477 0.01136 0.00862486 0.00861452 
0.00413678 0 0.00358546 0.00358525 0.00362139 0.00365549 0.00386979 0.00533593 0.00393188 0.0102624 0.163666 0.00850596 0.0133252 0.00878735 0.0101638 0.013159 0.00967244 0.0126274 0.00861938 0.0111917 0.0116005 0.0151811 0.0168223 0.0112697 0.00986316 0.00837691 0.00839141 0.00825033 0.00803096 0.00842431 0.00992864 0.00978097 0.00874208 0.00821964 0.00804421 
0.0036878 0.00358546 0 0.00357235 0.00359214 0.00360529 0.00369674 0.00363652 0.00387602 0.0216119 0.0089388 0.247005 0.00933717 0.0189909 0.013871 0.00934033 0.0165866 0.00887653 0.00946199 0.0117739 0.03252 0.0421745 0.0376148 0.0234722 0.009829 0.00852172 0.00821989 0.00802749 0.00833843 0.0104443 0.012005 0.0114541 0.00913341 0.00825319 0.00831475 
0.00371713 0.00358525 0.00357235 0 0.00357231 0.00355675 0.00360035 0.00362756 0.00367448 0.0131716 0.0683617 0.00949522 0.24345 0.0123377 0.0152334 0.033427 0.0098337 0.0139002 0.00887096 0.0383621 0.0351274 0.130877 0.0828126 0.022445 0.0144729 0.00876424 0.00821221 0.00806862 0.00801176 0.0104581 0.0164584 0.0170501 0.0101507 0.00839016 0.0080814 
0.00373597 0.00362139 0.00359214 0.00357231 0 0.0035668 0.00358807 0.00359681 0.00356897 0.0446938 0.0118109 0.0881492 0.0143252 0.226663 0.0264522 0.0136585 0.0234274 0.00972186 0.00979502 0.0170499 0.200522 0.111099 0.138582 0.0517377 0.0141963 0.0089203 0.00837348 0.00813447 0.00833576 0.0125246 0.0222184 0.0226605 0.0117339 0.00854156 0.00843289 
0.00390714 0.00365549 0.00360529 0.00355675 0.0035668 0 0.003563 0.00359752 0.00356192 0.0226485 0.0410445 0.0164147 0.0633407 0.022155 0.184806 0.0252013 0.0151349 0.0112985 0.00918376 0.032386 0.0557848 0.29225 0.102693 0.0559309 0.0166686 0.00862388 0.00834503 0.00815242 0.00816514 0.0124756 0.0232135 0.0228037 0.0113507 0.00849837 0.00832141 
0.00426637 0.00386979 0.00369674 0.00360035 0.00358807 0.003563 0 0.00358351 0.00356009 0.0177895 0.0205815 0.0350917 0.0296404 0.0335502 0.025491 0.213831 0.0148891 0.0120578 0.00947694 0.0167567 0.0739574 0.0983609 0.272043 0.0423233 0.0183347 0.00881561 0.00825109 0.00808494 0.00814797 0.0108615 0.019419 0.0227173 0.0115183 0.00843273 0.00826375 
0.00507867 0.00533593 0.00363652 0.00362756 0.00359681 0.00359752 0.00358351 0 0.00362989 0.011848 0.0154142 0.0150501 0.0160256 0.0144052 0.0166552 0.0163337 0.264583 0.014659 0.0090492 0.0132192 0.018476 0.0384997 0.0304013 0.148105 0.0208155 0.00892495 0.00842699 0.00815687 0.00835967 0.00937701 0.0128496 0.0189861 0.0120041 0.00830273 0.00820772 
0.0114274 0.00393188 0.00387602 0.00367448 0.00356897 0.00356192 0.00356009 0.00362989 0 0.0170261 0.00907786 0.0131376 0.0122327 0.0121512 0.0102805 0.0112946 0.0235951 0.219478 0.0108436 0.00962973 0.0108771 0.0121695 0.0131393 0.0141418 0.0447947 0.0114466 0.00897978 0.00945412 0.00903229 0.0127857 0.00958137 0.0103178 0.013201 0.00911636 0.00835966 
0.0775671 0.0102624 0.0216119 0.0131716 0.0446938 0.0226485 0.0177895 0.011848 0.0170261 0 0.00479132 0.00370822 0.00363346 0.00368151 0.00376712 0.0036758 0.00430259 0.00728199 0.0196055 0.00953686 0.00963684 0.00961458 0.00969916 0.00991489 0.0130962 0.00957022 0.0109384 0.00899176 0.0105379 0.00919087 0.00871687 0.0085901 0.0113497 0.00840757 0.0084484 
0.00915011 0.163666 0.0089388 0.0683617 0.0118109 0.0410445 0.0205815 0.0154142 0.00907786 0.00479132 0 0.00352908 0.0035661 0.00359378 0.00359707 0.00398687 0.00370448 0.00445201 0.00957306 0.0124429 0.00962962 0.0117681 0.0119645 0.00956675 0.00965304 0.0092826 0.00864117 0.00913202 0.00825573 0.00858704 0.00948525 0.00945747 0.00849427 0.00837061 0.00799977 
0.0125512 0.00850596 0.247005 0.00949522 0.0881492 0.0164147 0.0350917 0.0150501 0.0131376 0.00370822 0.00352908 0 0.0035398 0.00357592 0.00367055 0.00359475 0.00404976 0.00362759 0.0109234 0.0103399 0.0182807 0.0138958 0.014222 0.0136209 0.00872637 0.00885068 0.00893288 0.00833972 0.00971168 0.00995975 0.0098524 0.00931156 0.00881182 0.00816766 0.00863162 
0.00976904 0.0133252 0.00933717 0.24345 0.0143252 0.0633407 0.0296404 0.0160256 0.0122327 0.00363346 0.0035661 0.0035398 0 0.00364257 0.00361723 0.00361087 0.00361486 0.0037303 0.0105736 0.0123472 0.0118182 0.0268015 0.0207634 0.00968671 0.010218 0.00873186 0.00847265 0.00876333 0.00826052 0.00883917 0.0106932 0.0107654 0.00868413 0.00840585 0.00795418 
0.0104865 0.00878735 0.0189909 0.0123377 0.226663 0.022155 0.0335502 0.0144052 0.0121512 0.00368151 0.00359378 0.00357592 0.00364257 0 0.00358283 0.00355196 0.00359171 0.00360304 0.010956 0.0120696 0.0267609 0.0173513 0.0208388 0.0117517 0.00991204 0.00879456 0.00845697 0.00842127 0.00866733 0.00900358 0.00994836 0.00947643 0.00867698 0.0080704 0.00805479 
0.00966897 0.0101638 0.013871 0.0152334 0.0264522 0.184806 0.025491 0.0166552 0.0102805 0.00376712 0.00359707 0.00367055 0.00361723 0.00358283 0 0.00355158 0.00355845 0.00365448 0.0097072 0.0138314 0.0269423 0.0325502 0.0180339 0.0147686 0.00890686 0.00899108 0.00836888 0.00836791 0.00832269 0.0090079 0.0109047 0.0101628 0.00866976 0.00813172 0.00798933 
0.00876358 0.013159 0.00934033 0.033427 0.0136585 0.0252013 0.213831 0.0163337 0.0112946 0.0036758 0.00398687 0.00359475 0.00361087 0.00355196 0.00355158 0 0.00354835 0.00354384 0.0103589 0.0142006 0.0199426 0.042662 0.0485402 0.0101785 0.0111134 0.00874734 0.00823844 0.00821171 0.00806535 0.00863018 0.0107925 0.0106328 0.00855665 0.00812566 0.00791059 
0.0109942 0.00967244 0.0165866 0.0098337 0.0234274 0.0151349 0.0148891 0.264583 0.0235951 0.00430259 0.00370448 0.00404976 0.00361486 0.00359171 0.00355845 0.00354835 0 0.00359974 0.0108713 0.0178358 0.0210005 0.0268619 0.022018 0.084693 0.0115905 0.00952705 0.00893728 0.00846828 0.00931202 0.010591 0.013099 0.0141451 0.00942699 0.00830791 0.00839904 
0.0134417 0.0126274 0.00887653 0.0139002 0.00972186 0.0112985 0.0120578 0.014659 0.219478 0.00728199 0.00445201 0.00362759 0.0037303 0.00360304 0.00365448 0.00354384 0.00359974 0 0.0124007 0.0104456 0.0118224 0.0145371 0.0187739 0.0273803 0.113659 0.015862 0.0102506 0.0104114 0.00909161 0.0122258 0.00921325 0.010582 0.0120124 0.00944474 0.00820488 
0.0109506 0.00861938 0.00946199 0.00887096 0.00979502 0.00918376 0.00947694 0.0090492 0.0108436 0.0196055 0.00957306 0.0109234 0.0105736 0.010956 0.0097072 0.0103589 0.0108713 0.0124007 0 0.00361412 0.00355309 0.00357995 0.00362802 0.00365976 0.00396592 0.0102556 0.0095652 0.00820828 0.00993167 0.0151552 0.0108613 0.0096628 0.0136083 0.00901815 0.00864688 
0.00857417 0.0111917 0.0117739 0.0383621 0.0170499 0.032386 0.0167567 0.0132192 0.00962973 0.00953686 0.0124429 0.0103399 0.0123472 0.0120696 0.0138314 0.0142006 0.0178358 0.0104456 0.00361412 0 0.00355536 0.00357104 0.00359807 0.0036683 0.00362099 0.00704629 0.00733277 0.00760431 0.00856762 0.0194583 0.0279853 0.0172292 0.0113221 0.00892966 0.0084464 
0.00912126 0.0116005 0.03252 0.0351274 0.200522 0.0557848 0.0739574 0.018476 0.0108771 0.00963684 0.00962962 0.0182807 0.0118182 0.0267609 0.0269423 0.0199426 0.0210005 0.0118224 0.00355309 0.00355536 0 0.00357594 0.00359822 0.00358666 0.00360718 0.00693846 0.00756212 0.00712323 0.00883127 0.0159092 0.0698619 0.0274491 0.0134828 0.00882646 0.00846276 
0.00967203 0.0151811 0.0421745 0.130877 0.111099 0.29225 0.0983609 0.0384997 0.0121695 0.00961458 0.0117681 0.0138958 0.0268015 0.0173513 0.0325502 0.042662 0.0268619 0.0145371 0.00357995 0.00357104 0.00357594 0 0.00358218 0.00359545 0.00361339 0.00764799 0.00855138 0.00764128 0.00847525 0.0840652 0.067058 0.0632139 0.0218017 0.00994261 0.00878751 
0.00942624 0.0168223 0.0376148 0.0828126 0.138582 0.102693 0.272043 0.0304013 0.0131393 0.00969916 0.0119645 0.014222 0.0207634 0.0208388 0.0180339 0.0485402 0.022018 0.0187739 0.00362802 0.00359807 0.00359822 0.00358218 0 0.00360674 0.00358289 0.0073476 0.00995762 0.00750911 0.00833636 0.0202389 0.183307 0.105534 0.0267326 0.00948824 0.00888224 
0.00980407 0.0112697 0.0234722 0.022445 0.0517377 0.0559309 0.0423233 0.148105 0.0141418 0.00991489 0.00956675 0.0136209 0.00968671 0.0117517 0.0147686 0.0101785 0.084693 0.0273803 0.00365976 0.0036683 0.00358666 0.00359545 0.00360674 0 0.00370607 0.026096 0.0170614 0.00753005 0.0119239 0.0186248 0.060046 0.275927 0.0406181 0.0106185 0.0102155 
0.0114576 0.00986316 0.009829 0.0144729 0.0141963 0.0166686 0.0183347 0.0208155 0.0447947 0.0130962 0.00965304 0.00872637 0.010218 0.00991204 0.00890686 0.0111134 0.0115905 0.113659 0.00396592 0.00362099 0.00360718 0.00361339 0.00358289 0.00370607 0 0.0116702 0.00880348 0.0102074 0.00931849 0.0355752 0.0152815 0.038696 0.167161 0.0132736 0.00996249 
0.00892427 0.00837691 0.00852172 0.00876424 0.0089203 0.00862388 0.00881561 0.00892495 0.0114466 0.00957022 0.0092826 0.00885068 0.00873186 0.00879456 0.00899108 0.00874734 0.00952705 0.015862 0.0102556 0.00704629 0.00693846 0.00764799 0.0073476 0.026096 0.0116702 0 0.00576637 0.00515242 0.993854 0.0124167 0.0126792 0.0132315 0.0176505 0.00959273 0.0120353 
0.0104859 0.00839141 0.00821989 0.00821221 0.00837348 0.00834503 0.00825109 0.00842699 0.00897978 0.0109384 0.00864117 0.00893288 0.00847265 0.00845697 0.00836888 0.00823844 0.00893728 0.0102506 0.0095652 0.00733277 0.00756212 0.00855138 0.00995762 0.0170614 0.00880348 0.00576637 0 0.993289 0.00413529 0.014138 0.011208 0.0132004 0.0109751 0.0133631 0.00864129 
0.00873472 0.00825033 0.00802749 0.00806862 0.00813447 0.00815242 0.00808494 0.00815687 0.00945412 0.00899176 0.00913202 0.00833972 0.00876333 0.00842127 0.00836791 0.00821171 0.00846828 0.0104114 0.00820828 0.00760431 0.00712323 0.00764128 0.00750911 0.00753005 0.0102074 0.00515242 0.993289 0 0.00748212 0.0105855 0.0147648 0.0139972 0.0154269 0.00916546 0.00925161 
0.00967622 0.00803096 0.00833843 0.00801176 0.00833576 0.00816514 0.00814797 0.00835967 0.00903229 0.0105379 0.00825573 0.00971168 0.00826052 0.00866733 0.00832269 0.00806535 0.00931202 0.00909161 0.00993167 0.00856762 0.00883127 0.00847525 0.00833636 0.0119239 0.00931849 0.993854 0.00413529 0.00748212 0 0.0199711 0.0112599 0.0184593 0.0270992 0.0130748 0.00890163 
0.00909806 0.00842431 0.0104443 0.0104581 0.0125246 0.0124756 0.0108615 0.00937701 0.0127857 0.00919087 0.00858704 0.00995975 0.00883917 0.00900358 0.0090079 0.00863018 0.010591 0.0122258 0.0151552 0.0194583 0.0159092 0.0840652 0.0202389 0.0186248 0.0355752 0.0124167 0.014138 0.0105855 0.0199711 0 0.00384716 0.00363396 0.00421089 0.0726235 0.0243642 
0.00841433 0.00992864 0.012005 0.0164584 0.0222184 0.0232135 0.019419 0.0128496 0.00958137 0.00871687 0.00948525 0.0098524 0.0106932 0.00994836 0.0109047 0.0107925 0.013099 0.00921325 0.0108613 0.0279853 0.0698619 0.067058 0.183307 0.060046 0.0152815 0.0126792 0.011208 0.0147648 0.0112599 0.00384716 0 0.0036242 0.00361191 0.0709049 0.0145106 
0.00904477 0.00978097 0.0114541 0.0170501 0.0226605 0.0228037 0.0227173 0.0189861 0.0103178 0.0085901 0.00945747 0.00931156 0.0107654 0.00947643 0.0101628 0.0106328 0.0141451 0.010582 0.0096628 0.0172292 0.0274491 0.0632139 0.105534 0.275927 0.038696 0.0132315 0.0132004 0.0139972 0.0184593 0.00363396 0.0036242 0 0.00380723 0.0627188 0.0179716 
0.01136 0.00874208 0.00913341 0.0101507 0.0117339 0.0113507 0.0115183 0.0120041 0.013201 0.0113497 0.00849427 0.00881182 0.00868413 0.00867698 0.00866976 0.00855665 0.00942699 0.0120124 0.0136083 0.0113221 0.0134828 0.0218017 0.0267326 0.0406181 0.167161 0.0176505 0.0109751 0.0154269 0.0270992 0.00421089 0.00361191 0.00380723 0 0.0254374 0.0774908 
0.00862486 0.00821964 0.00825319 0.00839016 0.00854156 0.00849837 0.00843273 0.00830273 0.00911636 0.00840757 0.00837061 0.00816766 0.00840585 0.0080704 0.00813172 0.00812566 0.00830791 0.00944474 0.00901815 0.00892966 0.00882646 0.00994261 0.00948824 0.0106185 0.0132736 0.00959273 0.0133631 0.00916546 0.0130748 0.0726235 0.0709049 0.0627188 0.0254374 0 0.00585219 
0.00861452 0.00804421 0.00831475 0.0080814 0.00843289 0.00832141 0.00826375 0.00820772 0.00835966 0.0084484 0.00799977 0.00863162 0.00795418 0.00805479 0.00798933 0.00791059 0.00839904 0.00820488 0.00864688 0.0084464 0.00846276 0.00878751 0.00888224 0.0102155 0.00996249 0.0120353 0.00864129 0.00925161 0.00890163 0.0243642 0.0145106 0.0179716 0.0774908 0.00585219 0 
