1WHIA
MIQQESRLKVADNSGAREVLVIKVLGGSGRRYANIGDVVVATVKDATPGGVVKKGQVVKAVVVRTKRGVRRPDGSYIRFDENACVIIRDDKSPRGTRIFGPVARELRDKDFMKIISLAPEVI
CECCCCEEEECECCCEEEEEEEEECCCCCCCCECCCCEEEEEEEEECCCCCCCCCCEEEEEEEECCCCEECCCCCEECCCCCEEEEECCCCCECCCCECCCECCHHHHCCCHHHHHHCCCEC
0 0 0 0 0 0 0 0 0 0 0 0 0 0 0 0 0 0 0 0 0 0 0 0 0 0 0 0 0 0 0 0 0 0 0 0 0 0 0 0 0 0 0 0 0 0 0 0 0 0 0 0 0 0 0 0 0 0 0 0 0 0 0 0 0 0 0 0 0 0 0 0 0 0 0 0 0 0 0 0 0 0 0 0 0 0 0 0 0 0 0 0 0 0 0 0 0 0 0 0 0 0 0 0 0 0 0 0 0 0 0 0 0 0 0 0 0 0 0 0 0 0 
0 0 0 0 0 0 0 0 0 0 0 0 0 0 0 0 0 0 0 0 0 0 0 0 0 0 0 0 0 0 0 0 0 0 0 0 0 0 0 0 0 0 0 0 0 0 0 0 0 0 0 0 0 0 0 0 0 0 0 0 0 0 0 0 0 0 0 0 0 0 0 0 0 0 0 0 0 0 0 0 0 0 0 0 0 0 0 0 0 0 0 0 0 0 0 0 0 0 0 0 0 0 0 0 0 0 0 0 0 0 0 0 0 0 0 0 0 0 0 0 0 0 
0 0.00700735 0.0201592 0.00448894 0.0132938 0.0209658 0.0245049 0.00791269 0.00794211 0.0120176 0.00961442 0.028688 0.00999323 0.00974879 0.0490726 0.27635 0.0221374 0.0148715 0.0110324 0.014057 0.00880012 0.0153586 0.00847647 0.00905577 0.0264081 0.011558 0.0125749 0.00848328 0.0123131 0.00946009 0.0103173 0.0109131 0.0138024 0.0219357 0.00975721 0.0103746 0.0194163 0.0137374 0.0093743 0.00913747 0.00897539 0.0172337 0.0126029 0.0166073 0.0190642 0.0338399 
0.00700735 0 0.0037233 0.00447669 0.00379852 0.0059679 0.00539325 0.00803933 0.00874755 0.0116132 0.43525 0.010257 0.00922899 0.0406095 0.016543 0.0171416 0.0374295 0.0144205 0.0226288 0.00989223 0.0309329 0.00862041 0.0123867 0.0133156 0.0124127 0.0251056 0.00871413 0.0245855 0.00949371 0.0176077 0.0119799 0.0122239 0.0241961 0.00878541 0.0144607 0.0129223 0.0093299 0.0107315 0.00946525 0.0101717 0.0248433 0.0117743 0.00926147 0.0102202 0.0102651 0.0100728 
0.0201592 0.0037233 0 0.00358803 0.00359765 0.00356561 0.00638275 0.00636769 0.0111474 0.389017 0.00807307 0.0148671 0.0126235 0.010838 0.0227781 0.0171775 0.0150356 0.0622942 0.0109135 0.0648134 0.00866049 0.0459903 0.00879745 0.0100002 0.0195604 0.00985721 0.0551801 0.00880424 0.0566473 0.0147106 0.02541 0.0247344 0.0108137 0.0113457 0.00849455 0.0084552 0.0218708 0.0103738 0.0114198 0.0238993 0.0124096 0.0145274 0.00885879 0.0118806 0.00870958 0.0127709 
0.00448894 0.00447669 0.00358803 0 0.0035409 0.00356594 0.00446041 0.0353366 0.195504 0.00658398 0.0246253 0.00809636 0.00729535 0.0244192 0.0073776 0.0101251 0.0165024 0.0161747 0.0441121 0.00948065 0.0539673 0.00866254 0.0139587 0.0153754 0.00871851 0.0220019 0.00902293 0.047316 0.00993666 0.036019 0.0256014 0.0215779 0.0125548 0.00888922 0.0101214 0.0112806 0.00855607 0.00936896 0.0140579 0.019455 0.0200943 0.00866565 0.00805408 0.00834305 0.00866832 0.00817089 
0.0132938 0.00379852 0.00359765 0.0035409 0 0.00374132 0.0166905 0.0172317 0.00639124 0.019889 0.00655049 0.0208119 0.00881685 0.00673824 0.0126237 0.0155452 0.0276285 0.0183822 0.0117206 0.0368589 0.00903109 0.0230083 0.00917597 0.00895292 0.0151837 0.0109412 0.0183177 0.00917474 0.0280197 0.0148696 0.0237762 0.0161719 0.0142252 0.0118506 0.00893679 0.00954625 0.0127605 0.0150865 0.0113943 0.0204163 0.0122379 0.0141577 0.00869548 0.0108528 0.00979642 0.012234 
0.0209658 0.0059679 0.00356561 0.00356594 0.00374132 0 0.0830315 0.00933548 0.0043431 0.00424948 0.00464517 0.00545071 0.00550225 0.00624978 0.00837062 0.03476 0.017088 0.0111192 0.0107721 0.00945809 0.00991076 0.00932084 0.00866199 0.0096509 0.0122325 0.013866 0.00899062 0.00970271 0.00944548 0.0106586 0.0104977 0.011951 0.0166541 0.012648 0.0112436 0.0114459 0.0115083 0.011618 0.00957575 0.00914101 0.0100848 0.0128874 0.0125081 0.0132634 0.0172527 0.0120854 
0.0245049 0.00539325 0.00638275 0.00446041 0.0166905 0.0830315 0 0.00879205 0.00359743 0.00367949 0.00364624 0.00380985 0.0039762 0.00529181 0.0270144 0.0130909 0.0131426 0.0135885 0.010227 0.012804 0.00953627 0.0121038 0.00858942 0.0100099 0.242057 0.00934326 0.0103136 0.00918618 0.013621 0.0103567 0.011746 0.014671 0.0289903 0.0092092 0.012636 0.00882165 0.0175726 0.00953647 0.0090656 0.011032 0.0106408 0.0272458 0.00981773 0.010867 0.0106386 0.0125768 
0.00791269 0.00803933 0.00636769 0.0353366 0.0172317 0.00933548 0.00879205 0 0.00377089 0.00355985 0.00358973 0.00384796 0.00387118 0.00870618 0.00466258 0.00783645 0.0152465 0.0209699 0.016333 0.0104615 0.0176645 0.00859842 0.00919932 0.0890179 0.00910197 0.0103123 0.00924298 0.0140635 0.0129588 0.0219372 0.021655 0.0175955 0.0155707 0.00860271 0.00887682 0.00969703 0.00835115 0.00882621 0.0111439 0.0146224 0.015397 0.0100938 0.00809342 0.00817267 0.00827282 0.0082199 
0.00794211 0.00874755 0.0111474 0.195504 0.00639124 0.0043431 0.00359743 0.00377089 0 0.0038093 0.00356641 0.00364451 0.00622459 0.00396291 0.00376808 0.0071516 0.0148648 0.0167967 0.0230657 0.0186367 0.0135447 0.0129525 0.0721019 0.00981912 0.00903078 0.010323 0.0109914 0.0184496 0.0173713 0.0411369 0.0457393 0.0190027 0.0110685 0.00874204 0.00895176 0.0090563 0.00893621 0.00960757 0.0138272 0.0313513 0.0142612 0.0091491 0.00808833 0.00828112 0.00820552 0.00855463 
0.0120176 0.0116132 0.389017 0.00658398 0.019889 0.00424948 0.00367949 0.00355985 0.0038093 0 0.00357198 0.00384568 0.00368815 0.003676 0.00409906 0.00743577 0.0126746 0.0265372 0.0168936 0.0479505 0.00955046 0.237845 0.00923719 0.00886748 0.0125062 0.00950142 0.0276923 0.0102167 0.0677571 0.0326109 0.0489626 0.0209756 0.0117925 0.00929631 0.00852049 0.00860351 0.0110061 0.0102489 0.0218276 0.0487572 0.0133637 0.0114313 0.0081691 0.00905489 0.0082635 0.00981698 
0.00961442 0.43525 0.00807307 0.0246253 0.00655049 0.00464517 0.00364624 0.00358973 0.00356641 0.00357198 0 0.00359393 0.00359116 0.0036231 0.00361943 0.00712008 0.0131975 0.0209271 0.0563708 0.013539 0.363109 0.00889632 0.0142933 0.0129965 0.00919799 0.0131877 0.00902406 0.0760144 0.0158868 0.0966774 0.0562127 0.0183555 0.0121656 0.00859175 0.00920147 0.0102087 0.0086603 0.00980009 0.0197747 0.0404778 0.0211133 0.0094929 0.00818321 0.00836687 0.00841742 0.00864281 
0.028688 0.010257 0.0148671 0.00809636 0.0208119 0.00545071 0.00380985 0.00384796 0.00364451 0.00384568 0.00359393 0 0.00357197 0.00364638 0.00376406 0.00712037 0.0188809 0.031936 0.0179689 0.278476 0.0122803 0.0279512 0.00928987 0.00944791 0.0112973 0.00937973 0.021162 0.0136188 0.0499673 0.0275027 0.0499423 0.021372 0.0131388 0.00913814 0.00879994 0.00903059 0.0112217 0.0104003 0.0176415 0.0398384 0.0172847 0.012507 0.00829075 0.00874828 0.00833398 0.0101791 
0.00999323 0.00922899 0.0126235 0.00729535 0.00881685 0.00550225 0.0039762 0.00387118 0.00622459 0.00368815 0.00359116 0.00357197 0 0.00362953 0.00358057 0.00633296 0.0168019 0.0317164 0.0842576 0.0276533 0.0111718 0.0159864 0.00954685 0.00901794 0.00948116 0.0100084 0.0161246 0.0129293 0.0301404 0.0271336 0.0349883 0.0171541 0.00986198 0.00905471 0.00857344 0.00878679 0.0101856 0.00992068 0.0141538 0.0530385 0.0138309 0.00957556 0.00814924 0.0086016 0.00829261 0.00892952 
0.00974879 0.0406095 0.010838 0.0244192 0.00673824 0.00624978 0.00529181 0.00870618 0.00396291 0.003676 0.0036231 0.00364638 0.00362953 0 0.00359001 0.00902445 0.0180976 0.0658198 0.121438 0.0113032 0.0319792 0.00917108 0.0130485 0.0171387 0.00863649 0.0207592 0.0102345 0.0270572 0.0109058 0.0279601 0.0295446 0.0230372 0.011637 0.0103033 0.0104151 0.0136363 0.0092136 0.0100227 0.024191 0.020093 0.0250056 0.00923307 0.00845486 0.00873152 0.00899861 0.00865087 
0.0490726 0.016543 0.0227781 0.0073776 0.0126237 0.00837062 0.0270144 0.00466258 0.00376808 0.00409906 0.00361943 0.00376406 0.00358057 0.00359001 0 0.0361355 0.0690127 0.0469176 0.0135985 0.0285101 0.00989175 0.0191634 0.00835504 0.00951511 0.0244171 0.0149091 0.0166032 0.00913365 0.0179431 0.0116877 0.0134526 0.0167543 0.0145754 0.02686 0.00887932 0.0119189 0.019371 0.0195857 0.0105319 0.012192 0.0108324 0.0195989 0.0111174 0.0185456 0.0139434 0.019814 
0.27635 0.0171416 0.0171775 0.0101251 0.0155452 0.03476 0.0130909 0.00783645 0.0071516 0.00743577 0.00712008 0.00712037 0.00633296 0.00902445 0.0361355 0 0.0393262 0.0118938 0.00469032 0.00544884 0.00538336 0.00759428 0.00549883 0.0063339 0.0121144 0.015333 0.0143924 0.0094199 0.0117575 0.010989 0.010581 0.0124322 0.0201961 0.0356319 0.0169969 0.0192091 0.035039 0.017187 0.0115405 0.00966848 0.00974566 0.0175877 0.0274175 0.0386058 0.0342231 0.0297268 
0.0221374 0.0374295 0.0150356 0.0165024 0.0276285 0.017088 0.0131426 0.0152465 0.0148648 0.0126746 0.0131975 0.0188809 0.0168019 0.0180976 0.0690127 0.0393262 0 0.00365208 0.00361829 0.00369068 0.0037381 0.00384005 0.00397464 0.00477013 0.0128409 0.048245 0.0106891 0.0195047 0.0151078 0.0824632 0.019814 0.0208031 0.0371899 0.0155024 0.018207 0.0141285 0.0201019 0.0302755 0.0288695 0.0347869 0.0197441 0.0291469 0.0114617 0.0162084 0.0128849 0.0173343 
0.0148715 0.0144205 0.0622942 0.0161747 0.0183822 0.0111192 0.0135885 0.0209699 0.0167967 0.0265372 0.0209271 0.031936 0.0317164 0.0658198 0.0469176 0.0118938 0.00365208 0 0.00368823 0.00367335 0.00372804 0.00380394 0.00384679 0.00434758 0.00818497 0.0132839 0.0609908 0.0109818 0.10683 0.0345392 0.0643036 0.0436407 0.0243325 0.0132833 0.0105745 0.0115095 0.0144751 0.0187219 0.0599283 0.0941132 0.0540047 0.0164724 0.00950853 0.0126776 0.0115347 0.0132803 
0.0110324 0.0226288 0.0109135 0.0441121 0.0117206 0.0107721 0.010227 0.016333 0.0230657 0.0168936 0.0563708 0.0179689 0.0842576 0.121438 0.0135985 0.00469032 0.00361829 0.00368823 0 0.00361418 0.00393576 0.00361274 0.00372827 0.00365258 0.00370378 0.0161635 0.00926665 0.137327 0.015438 0.0877455 0.0503935 0.0495742 0.0173298 0.00945013 0.0104991 0.0106331 0.00980825 0.0135404 0.0366204 0.114987 0.0461445 0.0137651 0.00863163 0.00955061 0.00977226 0.00998392 
0.014057 0.00989223 0.0648134 0.00948065 0.0368589 0.00945809 0.012804 0.0104615 0.0186367 0.0479505 0.013539 0.278476 0.0276533 0.0113032 0.0285101 0.00544884 0.00369068 0.00367335 0.00361418 0 0.00362535 0.00363762 0.00362832 0.00359339 0.0041286 0.00899665 0.0569666 0.00942016 0.082192 0.0233216 0.0792096 0.0331178 0.0207248 0.0105474 0.00909854 0.00888159 0.0145516 0.0129535 0.0287307 0.084613 0.0231449 0.0187592 0.00918336 0.0116427 0.0094588 0.0125124 
0.00880012 0.0309329 0.00866049 0.0539673 0.00903109 0.00991076 0.00953627 0.0176645 0.0135447 0.00955046 0.363109 0.0122803 0.0111718 0.0319792 0.00989175 0.00538336 0.0037381 0.00372804 0.00393576 0.00362535 0 0.00354601 0.00361092 0.00357803 0.00357814 0.028998 0.00795102 0.060373 0.010874 0.0775077 0.0299086 0.0276182 0.0142548 0.00917508 0.010827 0.0124206 0.00861806 0.0117723 0.0231737 0.0370626 0.0242474 0.0100258 0.00837423 0.00872728 0.0092471 0.00871207 
0.0153586 0.00862041 0.0459903 0.00866254 0.0230083 0.00932084 0.0121038 0.00859842 0.0129525 0.237845 0.00889632 0.0279512 0.0159864 0.00917108 0.0191634 0.00759428 0.00384005 0.00380394 0.00361274 0.00363762 0.00354601 0 0.00356918 0.0035667 0.00532036 0.00756406 0.0305464 0.00894241 0.0711415 0.0165135 0.0290251 0.0148471 0.0107133 0.0109125 0.00853059 0.00874941 0.0153428 0.0122124 0.0127885 0.0232592 0.0115729 0.0148108 0.00959763 0.0134726 0.00959061 0.01589 
0.00847647 0.0123867 0.00879745 0.0139587 0.00917597 0.00866199 0.00858942 0.00919932 0.0721019 0.00923719 0.0142933 0.00928987 0.00954685 0.0130485 0.00835504 0.00549883 0.00397464 0.00384679 0.00372827 0.00362832 0.00361092 0.00356918 0 0.00365494 0.003545 0.0132874 0.00784501 0.0243694 0.0129476 0.0199474 0.0150948 0.0193413 0.00987613 0.00803762 0.0084697 0.00921481 0.00858559 0.00904798 0.0114678 0.0230704 0.0128539 0.00890472 0.00822612 0.00836493 0.00833415 0.0084962 
0.00905577 0.0133156 0.0100002 0.0153754 0.00895292 0.0096509 0.0100099 0.0890179 0.00981912 0.00886748 0.0129965 0.00944791 0.00901794 0.0171387 0.00951511 0.0063339 0.00477013 0.00434758 0.00365258 0.00359339 0.00357803 0.0035667 0.00365494 0 0.0035402 0.0114919 0.0122267 0.0184279 0.0103066 0.0142559 0.0146873 0.0153153 0.0117237 0.00876887 0.00995188 0.0109957 0.00903963 0.00988086 0.0165153 0.0126805 0.0208225 0.009515 0.0085146 0.00922299 0.00893825 0.00882777 
0.0264081 0.0124127 0.0195604 0.00871851 0.0151837 0.0122325 0.242057 0.00910197 0.00903078 0.0125062 0.00919799 0.0112973 0.00948116 0.00863649 0.0244171 0.0121144 0.0128409 0.00818497 0.00370378 0.0041286 0.00357814 0.00532036 0.003545 0.0035402 0 0.0176695 0.0220498 0.0088747 0.0119084 0.00886815 0.0100393 0.0137823 0.0140666 0.0221193 0.00953598 0.0119364 0.0182013 0.0226017 0.0113863 0.0101237 0.0097178 0.0165159 0.0121141 0.0229437 0.0147474 0.0205103 
0.011558 0.0251056 0.00985721 0.0220019 0.0109412 0.013866 0.00934326 0.0103123 0.010323 0.00950142 0.0131877 0.00937973 0.0100084 0.0207592 0.0149091 0.015333 0.048245 0.0132839 0.0161635 0.00899665 0.028998 0.00756406 0.0132874 0.0114919 0.0176695 0 0.00394918 0.0036461 0.00366297 0.0037303 0.00383282 0.00411914 0.00872671 0.00696078 0.015967 0.016024 0.0114373 0.0171137 0.0132855 0.012315 0.0129231 0.0185402 0.0114345 0.0150449 0.0127929 0.0143071 
0.0125749 0.00871413 0.0551801 0.00902293 0.0183177 0.00899062 0.0103136 0.00924298 0.0109914 0.0276923 0.00902406 0.021162 0.0161246 0.0102345 0.0166032 0.0143924 0.0106891 0.0609908 0.00926665 0.0569666 0.00795102 0.0305464 0.00784501 0.0122267 0.0220498 0.00394918 0 0.0035741 0.00366007 0.0037445 0.00371388 0.00452477 0.00392934 0.00747963 0.00634846 0.00887401 0.0166292 0.0145053 0.0189327 0.0192462 0.0145196 0.0149482 0.00948761 0.0152026 0.0103876 0.0165164 
0.00848328 0.0245855 0.00880424 0.047316 0.00917474 0.00970271 0.00918618 0.0140635 0.0184496 0.0102167 0.0760144 0.0136188 0.0129293 0.0270572 0.00913365 0.0094199 0.0195047 0.0109818 0.137327 0.00942016 0.060373 0.00894241 0.0243694 0.0184279 0.0088747 0.0036461 0.0035741 0 0.00355666 0.00361964 0.00363251 0.00362433 0.00377255 0.00568687 0.0072512 0.0107807 0.00849341 0.0140621 0.0186408 0.0423387 0.0223781 0.00945149 0.00848878 0.00928908 0.00917 0.012048 
0.0123131 0.00949371 0.0566473 0.00993666 0.0280197 0.00944548 0.013621 0.0129588 0.0173713 0.0677571 0.0158868 0.0499673 0.0301404 0.0109058 0.0179431 0.0117575 0.0151078 0.10683 0.015438 0.082192 0.010874 0.0711415 0.0129476 0.0103066 0.0119084 0.00366297 0.00366007 0.00355666 0 0.00364551 0.00358382 0.00358407 0.00368256 0.00734821 0.00626025 0.00853898 0.0168093 0.0179408 0.0348043 0.0502851 0.0220609 0.0325393 0.00919649 0.0122272 0.00984317 0.0201976 
0.00946009 0.0176077 0.0147106 0.036019 0.0148696 0.0106586 0.0103567 0.0219372 0.0411369 0.0326109 0.0966774 0.0275027 0.0271336 0.0279601 0.0116877 0.010989 0.0824632 0.0345392 0.0877455 0.0233216 0.0775077 0.0165135 0.0199474 0.0142559 0.00886815 0.0037303 0.0037445 0.00361964 0.00364551 0 0.00359303 0.00359074 0.00365294 0.00526496 0.00738447 0.0125079 0.0107844 0.0196028 0.0384743 0.124697 0.0534333 0.0131341 0.00875441 0.0106113 0.0100335 0.0195755 
0.0103173 0.0119799 0.02541 0.0256014 0.0237762 0.0104977 0.011746 0.021655 0.0457393 0.0489626 0.0562127 0.0499423 0.0349883 0.0295446 0.0134526 0.010581 0.019814 0.0643036 0.0503935 0.0792096 0.0299086 0.0290251 0.0150948 0.0146873 0.0100393 0.00383282 0.00371388 0.00363251 0.00358382 0.00359303 0 0.00360812 0.00361197 0.00549615 0.0121641 0.0161226 0.00984475 0.014233 0.058733 0.172488 0.074656 0.0175247 0.00907996 0.0102396 0.0099869 0.0178978 
0.0109131 0.0122239 0.0247344 0.0215779 0.0161719 0.011951 0.014671 0.0175955 0.0190027 0.0209756 0.0183555 0.021372 0.0171541 0.0230372 0.0167543 0.0124322 0.0208031 0.0436407 0.0495742 0.0331178 0.0276182 0.0148471 0.0193413 0.0153153 0.0137823 0.00411914 0.00452477 0.00362433 0.00358407 0.00359074 0.00360812 0 0.00367349 0.0150646 0.036208 0.0114183 0.0187255 0.0124305 0.0696019 0.0443585 0.0875315 0.0310447 0.00962828 0.0128902 0.0129397 0.0178725 
0.0138024 0.0241961 0.0108137 0.0125548 0.0142252 0.0166541 0.0289903 0.0155707 0.0110685 0.0117925 0.0121656 0.0131388 0.00986198 0.011637 0.0145754 0.0201961 0.0371899 0.0243325 0.0173298 0.0207248 0.0142548 0.0107133 0.00987613 0.0117237 0.0140666 0.00872671 0.00392934 0.00377255 0.00368256 0.00365294 0.00361197 0.00367349 0 0.0221239 0.014329 0.0173812 0.0121763 0.116145 0.016433 0.0168509 0.019988 0.0429675 0.0137706 0.0189775 0.0240023 0.042482 
0.0219357 0.00878541 0.0113457 0.00888922 0.0118506 0.012648 0.0092092 0.00860271 0.00874204 0.00929631 0.00859175 0.00913814 0.00905471 0.0103033 0.02686 0.0356319 0.0155024 0.0132833 0.00945013 0.0105474 0.00917508 0.0109125 0.00803762 0.00876887 0.0221193 0.00696078 0.00747963 0.00568687 0.00734821 0.00526496 0.00549615 0.0150646 0.0221239 0 0.00472333 0.00846545 0.91867 0.00815959 0.0103044 0.00978919 0.0176817 0.0367833 0.0200506 0.0377985 0.026612 0.0366111 
0.00975721 0.0144607 0.00849455 0.0101214 0.00893679 0.0112436 0.012636 0.00887682 0.00895176 0.00852049 0.00920147 0.00879994 0.00857344 0.0104151 0.00887932 0.0169969 0.018207 0.0105745 0.0104991 0.00909854 0.010827 0.00853059 0.0084697 0.00995188 0.00953598 0.015967 0.00634846 0.0072512 0.00626025 0.00738447 0.0121641 0.036208 0.014329 0.00472333 0 0.969565 0.00592058 0.00958287 0.0101056 0.0112987 0.0214884 0.0118679 0.0109272 0.0160146 0.0199743 0.0142584 
0.0103746 0.0129223 0.0084552 0.0112806 0.00954625 0.0114459 0.00882165 0.00969703 0.0090563 0.00860351 0.0102087 0.00903059 0.00878679 0.0136363 0.0119189 0.0192091 0.0141285 0.0115095 0.0106331 0.00888159 0.0124206 0.00874941 0.00921481 0.0109957 0.0119364 0.016024 0.00887401 0.0107807 0.00853898 0.0125079 0.0161226 0.0114183 0.0173812 0.00846545 0.969565 0 0.00470307 0.00861908 0.0360996 0.0101678 0.00815243 0.0118351 0.0146195 0.0224135 0.0238182 0.0226486 
0.0194163 0.0093299 0.0218708 0.00855607 0.0127605 0.0115083 0.0175726 0.00835115 0.00893621 0.0110061 0.0086603 0.0112217 0.0101856 0.0092136 0.019371 0.035039 0.0201019 0.0144751 0.00980825 0.0145516 0.00861806 0.0153428 0.00858559 0.00903963 0.0182013 0.0114373 0.0166292 0.00849341 0.0168093 0.0107844 0.00984475 0.0187255 0.0121763 0.91867 0.00592058 0.00470307 0 0.0606264 0.00818755 0.00525721 0.00906115 0.0207079 0.0116385 0.041592 0.0297704 0.0423867 
0.0137374 0.0107315 0.0103738 0.00936896 0.0150865 0.011618 0.00953647 0.00882621 0.00960757 0.0102489 0.00980009 0.0104003 0.00992068 0.0100227 0.0195857 0.017187 0.0302755 0.0187219 0.0135404 0.0129535 0.0117723 0.0122124 0.00904798 0.00988086 0.0226017 0.0171137 0.0145053 0.0140621 0.0179408 0.0196028 0.014233 0.0124305 0.116145 0.00815959 0.00958287 0.00861908 0.0606264 0 0.00361644 0.00359494 0.00361177 0.00459101 0.00922093 0.012766 0.0156184 0.05094 
0.0093743 0.00946525 0.0114198 0.0140579 0.0113943 0.00957575 0.0090656 0.0111439 0.0138272 0.0218276 0.0197747 0.0176415 0.0141538 0.024191 0.0105319 0.0115405 0.0288695 0.0599283 0.0366204 0.0287307 0.0231737 0.0127885 0.0114678 0.0165153 0.0113863 0.0132855 0.0189327 0.0186408 0.0348043 0.0384743 0.058733 0.0696019 0.016433 0.0103044 0.0101056 0.0360996 0.00818755 0.00361644 0 0.00359666 0.00367034 0.00373331 0.00588958 0.0100665 0.0124603 0.0212425 
0.00913747 0.0101717 0.0238993 0.019455 0.0204163 0.00914101 0.011032 0.0146224 0.0313513 0.0487572 0.0404778 0.0398384 0.0530385 0.020093 0.012192 0.00966848 0.0347869 0.0941132 0.114987 0.084613 0.0370626 0.0232592 0.0230704 0.0126805 0.0101237 0.012315 0.0192462 0.0423387 0.0502851 0.124697 0.172488 0.0443585 0.0168509 0.00978919 0.0112987 0.0101678 0.00525721 0.00359494 0.00359666 0 0.00364485 0.00363159 0.00539246 0.0104905 0.0113598 0.0337784 
0.00897539 0.0248433 0.0124096 0.0200943 0.0122379 0.0100848 0.0106408 0.015397 0.0142612 0.0133637 0.0211133 0.0172847 0.0138309 0.0250056 0.0108324 0.00974566 0.0197441 0.0540047 0.0461445 0.0231449 0.0242474 0.0115729 0.0128539 0.0208225 0.0097178 0.0129231 0.0145196 0.0223781 0.0220609 0.0534333 0.074656 0.0875315 0.019988 0.0176817 0.0214884 0.00815243 0.00906115 0.00361177 0.00367034 0.00364485 0 0.0035729 0.0117699 0.0151307 0.0147947 0.0200026 
0.0172337 0.0117743 0.0145274 0.00866565 0.0141577 0.0128874 0.0272458 0.0100938 0.0091491 0.0114313 0.0094929 0.012507 0.00957556 0.00923307 0.0195989 0.0175877 0.0291469 0.0164724 0.0137651 0.0187592 0.0100258 0.0148108 0.00890472 0.009515 0.0165159 0.0185402 0.0149482 0.00945149 0.0325393 0.0131341 0.0175247 0.0310447 0.0429675 0.0367833 0.0118679 0.0118351 0.0207079 0.00459101 0.00373331 0.00363159 0.0035729 0 0.522115 0.025973 0.0259612 0.0485969 
0.0126029 0.00926147 0.00885879 0.00805408 0.00869548 0.0125081 0.00981773 0.00809342 0.00808833 0.0081691 0.00818321 0.00829075 0.00814924 0.00845486 0.0111174 0.0274175 0.0114617 0.00950853 0.00863163 0.00918336 0.00837423 0.00959763 0.00822612 0.0085146 0.0121141 0.0114345 0.00948761 0.00848878 0.00919649 0.00875441 0.00907996 0.00962828 0.0137706 0.0200506 0.0109272 0.0146195 0.0116385 0.00922093 0.00588958 0.00539246 0.0117699 0.522115 0 0.142787 0.0397498 0.0964546 
0.0166073 0.0102202 0.0118806 0.00834305 0.0108528 0.0132634 0.010867 0.00817267 0.00828112 0.00905489 0.00836687 0.00874828 0.0086016 0.00873152 0.0185456 0.0386058 0.0162084 0.0126776 0.00955061 0.0116427 0.00872728 0.0134726 0.00836493 0.00922299 0.0229437 0.0150449 0.0152026 0.00928908 0.0122272 0.0106113 0.0102396 0.0128902 0.0189775 0.0377985 0.0160146 0.0224135 0.041592 0.012766 0.0100665 0.0104905 0.0151307 0.025973 0.142787 0 0.17451 0.100779 
0.0190642 0.0102651 0.00870958 0.00866832 0.00979642 0.0172527 0.0106386 0.00827282 0.00820552 0.0082635 0.00841742 0.00833398 0.00829261 0.00899861 0.0139434 0.0342231 0.0128849 0.0115347 0.00977226 0.0094588 0.0092471 0.00959061 0.00833415 0.00893825 0.0147474 0.0127929 0.0103876 0.00917 0.00984317 0.0100335 0.0099869 0.0129397 0.0240023 0.026612 0.0199743 0.0238182 0.0297704 0.0156184 0.0124603 0.0113598 0.0147947 0.0259612 0.0397498 0.17451 0 0.686355 
0.0338399 0.0100728 0.0127709 0.00817089 0.012234 0.0120854 0.0125768 0.0082199 0.00855463 0.00981698 0.00864281 0.0101791 0.00892952 0.00865087 0.019814 0.0297268 0.0173343 0.0132803 0.00998392 0.0125124 0.00871207 0.01589 0.0084962 0.00882777 0.0205103 0.0143071 0.0165164 0.012048 0.0201976 0.0195755 0.0178978 0.0178725 0.042482 0.0366111 0.0142584 0.0226486 0.0423867 0.05094 0.0212425 0.0337784 0.0200026 0.0485969 0.0964546 0.100779 0.686355 0 
