1XKAL
QCETSPCQNQGKCKXGLGEYTCTCLEGFEGKNCELFTRKLCSLDNGDCDQFCHEEQNSVVCSCARGYTLADNGKACIPTGPYPCGKQTLER
CCCCCCCCCCCEEEECCCCEEEECCCCEECCCCCEECCCCCCCHHHHCCCEEEECCCCEEEECCCCEEECCCCCCEEECCCCCCCCCCCCC
0 0 0 0 0 0 0 0 0 0 0 0 0 0 0 0 0 0 0 0 0 0 0 0 0 0 0 0 0 0 0 0 0 0 0 0 0 0 0 0 0 0 0 0 0 0 0 0 0 0 0 0 0 0 0 0 0 0 0 0 0 0 0 0 0 0 0 0 0 0 0 0 0 0 0 0 0 0 0 0 0 0 0 0 0 0 0 0 0 0 0 
0 0 0 0 0 0 0 0 0 0 0 0 0 0 0 0 0 0 0 0 0 0 0 0 0 0 0 0 0 0 0 0 0 0 0 0 0 0 0 0 0 0 0 0 0 0 0 0 0 0 0 0 0 0 0 0 0 0 0 0 0 0 0 0 0 0 0 0 0 0 0 0 0 0 0 0 0 0 0 0 0 0 0 0 0 0 0 0 0 0 0 
0 0.0041007 0.00388334 0.0141235 0.00501757 0.0107937 0.00931757 0.948162 0.00711369 0.016896 0.00882515 0.0113192 0.0105218 0.00841141 0.00906083 0.0113363 0.00877757 0.00995977 0.00838488 0.0185389 0.00879759 0.00860881 0.010971 0.00873271 0.00851389 0.00996706 
0.0041007 0 0.00598795 0.00359258 0.00690055 0.00982848 0.976733 0.00624023 0.00775061 0.00712419 0.0169121 0.00858948 0.00873786 0.00998056 0.00933401 0.00840864 0.00958751 0.00868307 0.0163424 0.00866135 0.00899345 0.00871832 0.00887321 0.008617 0.00879422 0.00866581 
0.00388334 0.00598795 0 0.00398072 0.00551532 0.989219 0.00437402 0.00533083 0.00631553 0.00750041 0.00809797 0.00858721 0.00970522 0.00980454 0.00947309 0.00831595 0.00874294 0.0182626 0.00900528 0.00931136 0.00935284 0.00948182 0.00848723 0.00891212 0.00903591 0.0081932 
0.0141235 0.00359258 0.00398072 0 0.992452 0.00389591 0.00390056 0.00390612 0.00807502 0.0108822 0.00971893 0.00869954 0.0139562 0.00886568 0.00827863 0.00841935 0.028316 0.00854246 0.0090093 0.00960186 0.0164681 0.00853454 0.00886249 0.0140257 0.00816399 0.00827457 
0.00501757 0.00690055 0.00551532 0.992452 0 0.00358703 0.00405197 0.00376115 0.00549396 0.00851552 0.00897047 0.0205699 0.00968785 0.00960967 0.00907378 0.0608109 0.0133984 0.00854938 0.0165446 0.0125932 0.0132065 0.00884887 0.0173186 0.0102228 0.00887164 0.0161836 
0.0107937 0.00982848 0.989219 0.00389591 0.00358703 0 0.00356284 0.00390755 0.0046012 0.0124266 0.00748964 0.00799094 0.0123569 0.00882165 0.0573049 0.00846226 0.00843261 0.0343988 0.00900709 0.0136667 0.00857627 0.012288 0.00910097 0.00872225 0.0109179 0.0086639 
0.00931757 0.976733 0.00437402 0.00390056 0.00405197 0.00356284 0 0.00369412 0.00786047 0.0118988 0.00936305 0.00867358 0.00882981 0.0758536 0.00857767 0.00872607 0.0171308 0.00984256 0.0381167 0.00876264 0.0158253 0.00903618 0.00881586 0.0123245 0.00904297 0.00856633 
0.948162 0.00624023 0.00533083 0.00390612 0.00376115 0.00390755 0.00369412 0 0.0205172 0.0096418 0.00861233 0.00718461 0.0967104 0.00881831 0.00983927 0.00907769 0.0123345 0.0164024 0.00865981 0.0199781 0.014142 0.00941135 0.00963215 0.0149398 0.00878989 0.00904132 
0.00711369 0.00775061 0.00631553 0.00807502 0.00549396 0.0046012 0.00786047 0.0205172 0 0.0123087 0.00572909 0.880548 0.00850295 0.0101705 0.00846949 0.0120971 0.0107938 0.00856556 0.010157 0.011723 0.010125 0.00957503 0.0134504 0.00943424 0.00932067 0.0121418 
0.016896 0.00712419 0.00750041 0.0108822 0.00851552 0.0124266 0.0118988 0.0096418 0.0123087 0 0.925898 0.0056157 0.0165597 0.00857379 0.0117002 0.00926856 0.0105803 0.00921279 0.00882893 0.0127405 0.0122783 0.0100244 0.00999103 0.0123406 0.00935557 0.00915433 
0.00882515 0.0169121 0.00809797 0.00971893 0.00897047 0.00748964 0.00936305 0.00861233 0.00572909 0.925898 0 0.00993271 0.00829658 0.0215467 0.00938845 0.00927535 0.0116458 0.00903684 0.00992575 0.0111194 0.0125814 0.0144247 0.0116769 0.0100545 0.00915739 0.0109097 
0.0113192 0.00858948 0.00858721 0.00869954 0.0205699 0.00799094 0.00867358 0.00718461 0.880548 0.0056157 0.00993271 0 0.0280361 0.0120084 0.0117304 0.0107926 0.0111917 0.00882264 0.00950098 0.0112093 0.0192874 0.00998994 0.0107117 0.0124383 0.00941057 0.00942196 
0.0105218 0.00873786 0.00970522 0.0139562 0.00968785 0.0123569 0.00882981 0.0967104 0.00850295 0.0165597 0.00829658 0.0280361 0 0.00364944 0.00370133 0.00377425 0.00478494 0.0075547 0.00864368 0.960131 0.00815465 0.00889768 0.0199576 0.0115802 0.00947023 0.020716 
0.00841141 0.00998056 0.00980454 0.00886568 0.00960967 0.00882165 0.0758536 0.00881831 0.0101705 0.00857379 0.0215467 0.0120084 0.00364944 0 0.00372898 0.00354522 0.00496843 0.00691773 0.983804 0.00781768 0.00817341 0.00892007 0.00975756 0.00939261 0.0122969 0.0105598 
0.00906083 0.00933401 0.00947309 0.00827863 0.00907378 0.0573049 0.00857767 0.00983927 0.00846949 0.0117002 0.00938845 0.0117304 0.00370133 0.00372898 0 0.00361844 0.00579819 0.989109 0.00511899 0.00557906 0.00752364 0.0110974 0.00739345 0.00932634 0.0154493 0.00807737 
0.0113363 0.00840864 0.00831595 0.00841935 0.0608109 0.00846226 0.00872607 0.00907769 0.0120971 0.00926856 0.00927535 0.0107926 0.00377425 0.00354522 0.00361844 0 0.98396 0.00437715 0.00419344 0.00461233 0.0133695 0.00677473 0.0067904 0.0183221 0.00813518 0.00791525 
0.00877757 0.00958751 0.00874294 0.028316 0.0133984 0.00843261 0.0171308 0.0123345 0.0107938 0.0105803 0.0116458 0.0111917 0.00478494 0.00496843 0.00579819 0.98396 0 0.00357054 0.00378346 0.00363539 0.00575082 0.00633842 0.047395 0.0126787 0.00822997 0.0329339 
0.00995977 0.00868307 0.0182626 0.00854246 0.00854938 0.0343988 0.00984256 0.0164024 0.00856556 0.00921279 0.00903684 0.00882264 0.0075547 0.00691773 0.989109 0.00437715 0.00357054 0 0.00355589 0.00364882 0.00477142 0.0334716 0.0127808 0.00775762 0.0280225 0.00970708 
0.00838488 0.0163424 0.00900528 0.0090093 0.0165446 0.00900709 0.0381167 0.00865981 0.010157 0.00882893 0.00992575 0.00950098 0.00864368 0.983804 0.00511899 0.00419344 0.00378346 0.00355589 0 0.00355342 0.00773971 0.0115723 0.016292 0.0203064 0.0158038 0.00843959 
0.0185389 0.00866135 0.00931136 0.00960186 0.0125932 0.0136667 0.00876264 0.0199781 0.011723 0.0127405 0.0111194 0.0112093 0.960131 0.00781768 0.00557906 0.00461233 0.00363539 0.00364882 0.00355342 0 0.00843577 0.0101739 0.00752148 0.0168236 0.00794819 0.0100425 
0.00879759 0.00899345 0.00935284 0.0164681 0.0132065 0.00857627 0.0158253 0.014142 0.010125 0.0122783 0.0125814 0.0192874 0.00815465 0.00817341 0.00752364 0.0133695 0.00575082 0.00477142 0.00773971 0.00843577 0 0.00414571 0.00457429 0.0113636 0.00723263 0.951186 
0.00860881 0.00871832 0.00948182 0.00853454 0.00884887 0.012288 0.00903618 0.00941135 0.00957503 0.0100244 0.0144247 0.00998994 0.00889768 0.00892007 0.0110974 0.00677473 0.00633842 0.0334716 0.0115723 0.0101739 0.00414571 0 0.00369683 0.00731447 0.971121 0.00775397 
0.010971 0.00887321 0.00848723 0.00886249 0.0173186 0.00910097 0.00881586 0.00963215 0.0134504 0.00999103 0.0116769 0.0107117 0.0199576 0.00975756 0.00739345 0.0067904 0.047395 0.0127808 0.016292 0.00752148 0.00457429 0.00369683 0 0.975543 0.00696235 0.0064021 
0.00873271 0.008617 0.00891212 0.0140257 0.0102228 0.00872225 0.0123245 0.0149398 0.00943424 0.0123406 0.0100545 0.0124383 0.0115802 0.00939261 0.00932634 0.0183221 0.0126787 0.00775762 0.0203064 0.0168236 0.0113636 0.00731447 0.975543 0 0.00365042 0.00473606 
0.00851389 0.00879422 0.00903591 0.00816399 0.00887164 0.0109179 0.00904297 0.00878989 0.00932067 0.00935557 0.00915739 0.00941057 0.00947023 0.0122969 0.0154493 0.00813518 0.00822997 0.0280225 0.0158038 0.00794819 0.00723263 0.971121 0.00696235 0.00365042 0 0.0038048 
0.00996706 0.00866581 0.0081932 0.00827457 0.0161836 0.0086639 0.00856633 0.00904132 0.0121418 0.00915433 0.0109097 0.00942196 0.020716 0.0105598 0.00807737 0.00791525 0.0329339 0.00970708 0.00843959 0.0100425 0.951186 0.00775397 0.0064021 0.00473606 0.0038048 0 
