3PBHA
MRSRPSFHPLSDELVNYVNKRNTTWQAGHNFYNVDMSYLKRLCGTFLGGPKPPQRVMFTEDLKLPASFDAREQWPQCPTIKEIRDQGSCGSCWAFGAVEAISDRICIHTNAHVSVEVSAEDLLTCCGSMCGDGCNGGYPAEAWNFWTRKGLVSGGLYESHVGCRPYSIPPCEHHVNGSRPPCTGEGDTPKCSKICEPGYSPTYKQDKHYGYNSYSVSNSEKDIMAEIYKNGPVEGAFSVYSDFLLYKSGVYQHVTGEMMGGHAIRILGWGVENGTPYWLVANSWNTDWGDNGFFKILRGQDHCGIESEVVAGIPRTD
CCCCCCCCCCCHHHHHHHHHHCCCEEECCCCCCCCHHHHHHCCCECCCCCCCCEEECCCCCCCCCCCEEHHHHCCCCHHHCCCCECCCCCCHHHHHHHHHHHHHHHHHCCCCCCCCECHHHHHHHCCCCCECHHHCECHHHHHHHHHHCCEEEECCCCCCCECCCCCCCCCCCCCCCCCCCCCCCCCCCCCCCCCCCCCCCCHHHCEECECCCEEECCCHHHHHHHHHHHCCEEEEEEEEHHHHHEEEEEECCCCCCEEEEEEEEEEEEEEECCEEEEEEECCECCCCCECCEEEEECCCCHHHCCCCCEECCECCC
0 0 0 0 0 0 0 0 0 0 0 0 0 0 0 0 0 0 0 0 0 0 0 0 0 0 0 0 0 0 0 0 0 0 0 0 0 0 0 0 0 0 0 0 0 0 0 0 0 0 0 0 0 0 0 0 0 0 0 0 0 0 0 0 0 0 0 0 0 0 0 0 0 0 0 0 0 0 0 0 0 0 0 0 0 0 0 0 0 0 0 0 0 0 0 0 0 0 0 0 0 0 0 0 0 0 0 0 0 0 0 0 0 0 0 0 0 0 0 0 0 0 0 0 0 0 0 0 0 0 0 0 0 0 0 0 0 0 0 0 0 0 0 0 0 0 0 0 0 0 0 0 0 0 0 0 0 0 0 0 0 0 0 0 0 0 0 0 0 0 0 0 0 0 0 0 0 0 0 0 0 0 0 0 0 0 0 0 0 0 0 0 0 0 0 0 0 0 0 0 0 0 0 0 0 0 0 0 0 0 0 0 0 0 0 0 0 0 0 0 0 0 0 0 0 0 0 0 0 0 0 0 0 0 0 0 0 0 0 0 0 0 0 0 0 0 0 0 0 0 0 0 0 0 0 0 0 0 0 0 0 0 0 0 0 0 0 0 0 0 0 0 0 0 0 0 0 0 0 0 0 0 0 0 0 0 0 0 0 0 0 0 0 0 0 0 0 0 0 0 0 0 0 0 0 0 0 0 0 0 0 0 0 0 0 0 0 
0 0 0 0 0 0 0 0 0 0 0 0 0 0 0 0 0 0 0 0 0 0 0 0 0 0 0 0 0 0 0 0 0 0 0 0 0 0 0 0 0 0 0 0 0 0 0 0 0 0 0 0 0 0 0 0 0 0 0 0 0 0 0 0 0 0 0 0 0 0 0 0 0 0 0 0 0 0 0 0 0 0 0 0 0 0 0 0 0 0 0 0 0 0 0 0 0 0 0 0 0 0 0 0 0 0 0 0 0 0 0 0 0 0 0 0 0 0 0 0 0 0 0 0 0 0 0 0 0 0 0 0 0 0 0 0 0 0 0 0 0 0 0 0 0 0 0 0 0 0 0 0 0 0 0 0 0 0 0 0 0 0 0 0 0 0 0 0 0 0 0 0 0 0 0 0 0 0 0 0 0 0 0 0 0 0 0 0 0 0 0 0 0 0 0 0 0 0 0 0 0 0 0 0 0 0 0 0 0 0 0 0 0 0 0 0 0 0 0 0 0 0 0 0 0 0 0 0 0 0 0 0 0 0 0 0 0 0 0 0 0 0 0 0 0 0 0 0 0 0 0 0 0 0 0 0 0 0 0 0 0 0 0 0 0 0 0 0 0 0 0 0 0 0 0 0 0 0 0 0 0 0 0 0 0 0 0 0 0 0 0 0 0 0 0 0 0 0 0 0 0 0 0 0 0 0 0 0 0 0 0 0 0 0 0 0 0 
0 0.0037501 0.00374259 0.0382356 0.012509 0.00894298 0.0417318 0.0136745 0.0107013 0.0105245 0.0122672 0.00900897 0.00854793 0.00830059 0.00813872 0.00814291 0.00914299 0.00855892 0.00790099 0.00820775 0.00835285 0.008031 0.00809921 0.00829126 0.00807062 0.0080837 0.00851329 0.00827132 0.00829117 0.00822988 0.00820519 0.00819136 0.00818196 0.00808089 0.00813592 0.00845157 0.00809284 0.00822613 0.00800804 0.00820223 0.00814608 0.00812833 0.00840547 0.00837157 0.00840346 0.00838852 0.00867466 0.00837306 0.00831693 0.00841681 0.00825377 0.00812085 0.00819128 0.0080793 0.00814237 0.00841763 0.00853168 0.00839404 0.00832191 0.00855494 0.00823748 0.00814272 0.00832435 0.00839047 0.00854613 0.00842974 0.00851903 0.00848399 0.0086444 0.00911145 
0.0037501 0 0.00354636 0.0123097 0.00913786 0.0982705 0.00847079 0.00977228 0.0134173 0.00877719 0.00856503 0.00795267 0.00799099 0.00839583 0.00848717 0.00876382 0.00806708 0.00793917 0.0079459 0.00807284 0.00787466 0.00807182 0.00849951 0.00800854 0.00812023 0.00832016 0.0082781 0.00835463 0.00829242 0.00824113 0.00814645 0.0080462 0.00800524 0.00811404 0.00807099 0.00815812 0.00816582 0.00797741 0.00803311 0.00809685 0.00812567 0.00811227 0.00810303 0.00836472 0.00832404 0.00845014 0.00847679 0.00837778 0.00832978 0.00820004 0.00807482 0.00804365 0.00799148 0.0080173 0.00811744 0.00822018 0.00828059 0.00851328 0.00847404 0.00840888 0.00801935 0.00810269 0.00824359 0.00850098 0.00839705 0.00857831 0.00848925 0.00843397 0.00864395 0.00835033 
0.00374259 0.00354636 0 0.0227396 0.0265126 0.0086818 0.0249765 0.0160718 0.0109891 0.0102232 0.0113485 0.00888247 0.00927779 0.00888878 0.00836736 0.00838826 0.00875631 0.00901698 0.00804741 0.00812966 0.00811152 0.00837803 0.00807552 0.00813119 0.00875731 0.00811823 0.00818951 0.00818261 0.00824966 0.00805675 0.00810542 0.00805183 0.00878839 0.00797788 0.00799312 0.00807016 0.00794354 0.00811403 0.00809514 0.00812127 0.00804474 0.00812213 0.00814495 0.00823974 0.00822675 0.00831305 0.00835536 0.00822618 0.00825846 0.00812362 0.00809065 0.00801002 0.00811903 0.00814704 0.00812718 0.00825498 0.00824998 0.00829069 0.00829198 0.0083346 0.00821594 0.00811111 0.00864793 0.00833332 0.00827525 0.00830613 0.00830578 0.00848384 0.00841577 0.00845843 
0.0382356 0.0123097 0.0227396 0 0.0202846 0.00816002 0.0184491 0.0235968 0.0193409 0.0264822 0.0345379 0.0150402 0.0240436 0.00961822 0.00804686 0.0081211 0.00947074 0.0134452 0.00842007 0.00811626 0.00951596 0.00863841 0.00795287 0.00829435 0.00879881 0.0079539 0.00801573 0.0079946 0.00802793 0.00797683 0.00799192 0.00831571 0.00852115 0.00792429 0.0079162 0.00798403 0.00792541 0.00831158 0.00815747 0.00798674 0.00793019 0.00793152 0.00796567 0.00806553 0.00814227 0.00806603 0.00804937 0.00799232 0.00799998 0.00799127 0.00799127 0.00794577 0.00834701 0.0082424 0.00794591 0.00804657 0.00807348 0.00805904 0.00804045 0.00863796 0.00865262 0.00819684 0.00851248 0.00815423 0.00812708 0.00811263 0.00850946 0.00855934 0.0085921 0.0117847 
0.012509 0.00913786 0.0265126 0.0202846 0 0.00393784 0.00379638 0.00773318 0.016049 0.0104975 0.0108597 0.00854993 0.00849429 0.00849274 0.00798106 0.008059 0.0087184 0.00847534 0.00794472 0.00791887 0.00812388 0.00804039 0.00785987 0.00810789 0.00786901 0.0078525 0.00803156 0.00803656 0.00793789 0.00799068 0.00788831 0.00799429 0.00817899 0.00781087 0.00790656 0.00803078 0.00791853 0.00799294 0.00784848 0.00787161 0.00790798 0.00793549 0.00793928 0.00802629 0.00803756 0.00808892 0.00808036 0.00799222 0.00805114 0.00793478 0.00793697 0.00789794 0.00807871 0.00793347 0.00793071 0.00798882 0.0080454 0.00807907 0.00803432 0.00830862 0.00807482 0.00793703 0.00803932 0.00815548 0.00806437 0.00811276 0.00815549 0.00811635 0.00823401 0.00870989 
0.00894298 0.0982705 0.0086818 0.00816002 0.00393784 0 0.0036006 0.011505 0.0123934 0.0092305 0.00942232 0.00813921 0.00803541 0.00815524 0.00813088 0.00827819 0.00819086 0.00798883 0.00796438 0.00792317 0.00788381 0.00789529 0.00813441 0.00798205 0.00789532 0.00806414 0.00812694 0.00804784 0.00812431 0.0081183 0.00802423 0.00802166 0.00795912 0.00799952 0.00793101 0.00801187 0.00794402 0.0080164 0.00785181 0.00795727 0.00801042 0.00800588 0.0081053 0.00809648 0.00815486 0.00813624 0.0081533 0.00809428 0.00809776 0.00803548 0.0079992 0.00797921 0.00795258 0.00796788 0.00800585 0.00802995 0.0081157 0.00808353 0.0080656 0.00802391 0.0079303 0.00793504 0.00799378 0.0081706 0.00815892 0.00814476 0.0080212 0.00807998 0.00809103 0.00812001 
0.0417318 0.00847079 0.0249765 0.0184491 0.00379638 0.0036006 0 0.0318767 0.00635405 0.0105635 0.0120284 0.00885759 0.00947216 0.00957872 0.00818693 0.00815512 0.0085285 0.00866848 0.00816936 0.00807739 0.00848941 0.0082054 0.00794049 0.00797733 0.00813318 0.00794092 0.00806971 0.00801856 0.00808503 0.00800638 0.00793664 0.00792299 0.00859672 0.00792601 0.00789663 0.00794138 0.00791559 0.00797224 0.00797808 0.00793458 0.00795392 0.00799539 0.00795765 0.00805502 0.00809327 0.00811561 0.00821113 0.00806798 0.00801574 0.0079188 0.00802283 0.00791818 0.00798793 0.0080424 0.00797952 0.00804555 0.0081087 0.00811132 0.0080571 0.00805375 0.00807232 0.00798856 0.00818162 0.00816646 0.00807736 0.00809596 0.00813632 0.00811351 0.00823189 0.00829287 
0.0136745 0.00977228 0.0160718 0.0235968 0.00773318 0.011505 0.0318767 0 0.00376653 0.0206659 0.0517364 0.0143881 0.0139475 0.00949006 0.00845828 0.00844503 0.00995332 0.0113314 0.00855793 0.00876974 0.0088754 0.00852156 0.00806231 0.00824185 0.00825884 0.00811861 0.008202 0.0080427 0.00809104 0.00802041 0.00806383 0.00845246 0.0088461 0.00798337 0.00794902 0.00800023 0.00794479 0.00802364 0.00790386 0.00802837 0.00792588 0.00795847 0.00794589 0.00802947 0.00814446 0.00805821 0.00820375 0.00808254 0.00800206 0.00799356 0.00794597 0.00800402 0.00799588 0.00809335 0.00796282 0.00803577 0.0081004 0.00810684 0.00808502 0.00820361 0.0081314 0.00796066 0.00831093 0.00811188 0.00806478 0.00808929 0.00817331 0.00826646 0.0082573 0.00864625 
0.0107013 0.0134173 0.0109891 0.0193409 0.016049 0.0123934 0.00635405 0.00376653 0 0.0225326 0.0171222 0.012779 0.0123775 0.0114867 0.0085439 0.00943121 0.00925287 0.0103281 0.00946923 0.00812605 0.0086921 0.00859891 0.00844235 0.00811267 0.00840925 0.0083601 0.00818356 0.00816353 0.00813415 0.00814148 0.00814908 0.00848219 0.00850952 0.00800436 0.00798783 0.00812578 0.00807678 0.00810698 0.00804721 0.00799148 0.00794058 0.00800901 0.00801927 0.00813063 0.00811044 0.00814186 0.00812855 0.00806567 0.00800341 0.00800196 0.00794965 0.00796966 0.00809104 0.00808481 0.00803457 0.00807113 0.00807944 0.00812889 0.00808696 0.00830642 0.00814428 0.00806531 0.00844272 0.00815979 0.00810973 0.00817774 0.00818824 0.00820374 0.00835519 0.00840455 
0.0105245 0.00877719 0.0102232 0.0264822 0.0104975 0.0092305 0.0105635 0.0206659 0.0225326 0 0.134669 0.0225134 0.0225328 0.0101453 0.00869638 0.0091726 0.0113561 0.0140896 0.00891423 0.00812313 0.00916579 0.00856967 0.00840751 0.00821937 0.00844479 0.00808609 0.00816683 0.00805465 0.00810405 0.0080315 0.00802106 0.00833625 0.0084909 0.00790192 0.00799256 0.00805075 0.00791503 0.00797869 0.00792775 0.00800054 0.00797471 0.00802621 0.0080625 0.00802881 0.0081024 0.00816705 0.008136 0.00815686 0.00806243 0.00803749 0.00792615 0.00789852 0.0080747 0.00800133 0.00790118 0.00801091 0.00814824 0.00806883 0.0080096 0.0083007 0.008295 0.00796377 0.00817242 0.0080294 0.00803457 0.00803248 0.00819517 0.00816345 0.00828641 0.00939943 
0.0122672 0.00856503 0.0113485 0.0345379 0.0108597 0.00942232 0.0120284 0.0517364 0.0171222 0.134669 0 0.123687 0.0516109 0.0266351 0.0124811 0.0145885 0.0234065 0.0666564 0.0111619 0.00994634 0.017674 0.0122339 0.0087197 0.0119394 0.0114006 0.00838892 0.00860904 0.00822628 0.00846353 0.00809335 0.00912188 0.00940273 0.0121736 0.00798702 0.00801763 0.00817104 0.00811921 0.00901851 0.00863232 0.00804221 0.00800295 0.0079714 0.00812373 0.00816267 0.00841962 0.00829965 0.00842013 0.00819004 0.00810266 0.00810788 0.007999 0.00791292 0.00838196 0.00892281 0.00793155 0.00814493 0.00823798 0.00829557 0.00820953 0.00900888 0.00964372 0.00862348 0.00946246 0.00824996 0.00816055 0.00815368 0.00884507 0.0089159 0.00866691 0.0119103 
0.00900897 0.00795267 0.00888247 0.0150402 0.00854993 0.00813921 0.00885759 0.0143881 0.012779 0.0225134 0.123687 0 0.859614 0.0122593 0.00986216 0.0110119 0.0234942 0.0458861 0.010217 0.00869706 0.0123145 0.00971262 0.00830713 0.00904555 0.00918268 0.00813446 0.00806847 0.00793756 0.00798452 0.00790827 0.00808431 0.00865313 0.00948864 0.00784804 0.00784743 0.00793361 0.00789003 0.00835358 0.00814446 0.00784361 0.00784178 0.00787168 0.0078833 0.00795958 0.00793035 0.00800266 0.00795398 0.00792218 0.00788439 0.00788805 0.00786701 0.00786475 0.00812652 0.00814081 0.00781848 0.00792214 0.00802239 0.00801233 0.00790895 0.00826628 0.00879546 0.00806273 0.0083084 0.00797713 0.00800433 0.00791903 0.00812869 0.00807338 0.00814305 0.0100778 
0.00854793 0.00799099 0.00927779 0.0240436 0.00849429 0.00803541 0.00947216 0.0139475 0.0123775 0.0225328 0.0516109 0.859614 0 0.020353 0.00712828 0.00815866 0.0160505 0.0627757 0.0114969 0.00879016 0.0189414 0.00943962 0.00834298 0.0109481 0.00906503 0.00808922 0.00806511 0.00803065 0.00815301 0.00795398 0.00826363 0.0101922 0.00938503 0.00784202 0.00785671 0.00787461 0.00805086 0.00948714 0.00832864 0.00784332 0.00785006 0.00785852 0.00787881 0.0079213 0.007952 0.00800044 0.00795149 0.00791349 0.00790446 0.00790157 0.00787962 0.00791285 0.00860423 0.0081788 0.00785021 0.00789608 0.00790655 0.00792188 0.0080483 0.00941253 0.00936024 0.00872089 0.00844549 0.00797978 0.00798299 0.00797693 0.00873612 0.00843674 0.00876694 0.0122317 
0.00830059 0.00839583 0.00888878 0.00961822 0.00849274 0.00815524 0.00957872 0.00949006 0.0114867 0.0101453 0.0266351 0.0122593 0.020353 0 0.00570863 0.0041134 0.0160118 0.0134036 0.018307 0.0113975 0.0127385 0.010892 0.0112573 0.0154056 0.00974873 0.0103705 0.00968131 0.0101029 0.0094126 0.00936084 0.00895276 0.0117179 0.00853484 0.00804112 0.00810491 0.00835796 0.00885602 0.0106574 0.00821997 0.00797539 0.00817229 0.00818672 0.00837728 0.00856716 0.00902228 0.00958066 0.00937278 0.00875269 0.00849339 0.00825164 0.00809759 0.00814664 0.00892848 0.00801795 0.00801604 0.00858024 0.00885558 0.00873764 0.00915322 0.0109002 0.00815336 0.00797326 0.0085901 0.00836822 0.00858531 0.00887678 0.00953202 0.00817355 0.00881934 0.00968508 
0.00813872 0.00848717 0.00836736 0.00804686 0.00798106 0.00813088 0.00818693 0.00845828 0.0085439 0.00869638 0.0124811 0.00986216 0.00712828 0.00570863 0 0.00387486 0.00368169 0.00722628 0.0105865 0.0110209 0.00879172 0.00935292 0.0107614 0.0102336 0.00897121 0.010712 0.0162046 0.0122207 0.0154574 0.0105178 0.0121416 0.00883609 0.0086468 0.00831454 0.00843423 0.00922893 0.00887818 0.00847658 0.00793634 0.00848975 0.00847835 0.00919049 0.00907658 0.0102667 0.0109518 0.0114568 0.0120264 0.0105477 0.0107046 0.00913118 0.00845641 0.00823019 0.00809315 0.00794043 0.0082288 0.00913589 0.0096949 0.010674 0.00966647 0.00869616 0.00792996 0.00788413 0.00807502 0.00908102 0.00900674 0.0093042 0.00863414 0.00805662 0.00836165 0.00810974 
0.00814291 0.00876382 0.00838826 0.0081211 0.008059 0.00827819 0.00815512 0.00844503 0.00943121 0.0091726 0.0145885 0.0110119 0.00815866 0.0041134 0.00387486 0 0.00358229 0.0147689 0.0175347 0.0106599 0.00887531 0.00971842 0.0206906 0.00993365 0.00939458 0.0157669 0.0120698 0.0173553 0.0116819 0.0148119 0.0100643 0.00937492 0.00898771 0.00839258 0.00853753 0.00876909 0.0110628 0.00872986 0.00818945 0.00822689 0.00885773 0.00859051 0.00905567 0.00973917 0.0109508 0.0114749 0.0115126 0.0102804 0.0103488 0.00899427 0.00859222 0.00815088 0.00805849 0.00801786 0.00833108 0.00876386 0.010133 0.00997545 0.0100485 0.00873499 0.00796511 0.00787379 0.00849287 0.0088774 0.0095317 0.00905643 0.00836761 0.00810934 0.00828139 0.00791976 
0.00914299 0.00806708 0.00875631 0.00947074 0.0087184 0.00819086 0.0085285 0.00995332 0.00925287 0.0113561 0.0234065 0.0234942 0.0160505 0.0160118 0.00368169 0.00358229 0 0.359165 0.0112739 0.0147704 0.0127748 0.0191948 0.00979447 0.0156137 0.0171202 0.00945881 0.0111021 0.00952333 0.0109288 0.00884994 0.00997156 0.00961143 0.0156469 0.00835815 0.00819575 0.00858461 0.00881304 0.0091972 0.00872333 0.00836449 0.00820151 0.00843338 0.00869562 0.00885893 0.00900745 0.00870436 0.00933553 0.00887049 0.00859626 0.0084557 0.00821042 0.00812618 0.00819889 0.0089044 0.00807805 0.00853041 0.00855681 0.00877521 0.0084344 0.00933315 0.00848021 0.00810413 0.00959318 0.00864145 0.00821458 0.00839857 0.00848462 0.00848864 0.00842868 0.00866765 
0.00855892 0.00793917 0.00901698 0.0134452 0.00847534 0.00798883 0.00866848 0.0113314 0.0103281 0.0140896 0.0666564 0.0458861 0.0627757 0.0134036 0.00722628 0.0147689 0.359165 0 0.025147 0.0122672 0.0509819 0.0122196 0.0107841 0.0155964 0.0108282 0.00883061 0.00865815 0.00853366 0.0086241 0.00839401 0.00871777 0.0105187 0.0105533 0.00796289 0.00793407 0.0080477 0.00816676 0.00969494 0.0088308 0.00794105 0.00791177 0.00793059 0.00800177 0.00805026 0.00821694 0.00827258 0.00816525 0.00813318 0.00797977 0.00796814 0.00792936 0.00791299 0.00899307 0.00846236 0.00788958 0.00795611 0.00800075 0.00803965 0.00810703 0.00998359 0.00968657 0.00843755 0.00966994 0.00806642 0.00817074 0.0081 0.00929574 0.00893984 0.00895372 0.0130126 
0.00790099 0.0079459 0.00804741 0.00842007 0.00794472 0.00796438 0.00816936 0.00855793 0.00946923 0.00891423 0.0111619 0.010217 0.0114969 0.018307 0.0105865 0.0175347 0.0112739 0.025147 0 0.00501876 0.00401238 0.0105673 0.0271088 0.0438191 0.0132476 0.0138097 0.0092962 0.0101901 0.00911643 0.0103024 0.00929102 0.0183548 0.0099843 0.00884158 0.0090127 0.00895196 0.0099129 0.0112575 0.0115614 0.00838655 0.00872947 0.00853336 0.00885938 0.00919685 0.00931956 0.00989069 0.00927421 0.00911719 0.00885715 0.00886291 0.00833998 0.00837894 0.00959945 0.00848604 0.0081816 0.00837843 0.00873821 0.00881928 0.00987292 0.0115464 0.00893242 0.00843487 0.00864297 0.00836979 0.00877221 0.00903592 0.00947512 0.00878317 0.00958146 0.00991838 
0.00820775 0.00807284 0.00812966 0.00811626 0.00791887 0.00792317 0.00807739 0.00876974 0.00812605 0.00812313 0.00994634 0.00869706 0.00879016 0.0113975 0.0110209 0.0106599 0.0147704 0.0122672 0.00501876 0 0.022251 0.0155199 0.0365573 0.00983276 0.0188991 0.0104586 0.013617 0.00987761 0.0114488 0.00947196 0.014338 0.0101416 0.0149674 0.00875107 0.00850242 0.00974201 0.00962283 0.00945546 0.00871323 0.00918571 0.00849448 0.00965703 0.00899202 0.0103487 0.0122632 0.0111891 0.0120381 0.0102588 0.010205 0.0094746 0.00879011 0.00833778 0.00860594 0.00873381 0.00825047 0.0101544 0.00964648 0.010144 0.0102189 0.0107711 0.00858732 0.00801672 0.00930433 0.00987815 0.00917096 0.0102634 0.00932257 0.00849493 0.00880143 0.00854511 
0.00835285 0.00787466 0.00811152 0.00951596 0.00812388 0.00788381 0.00848941 0.0088754 0.0086921 0.00916579 0.017674 0.0123145 0.0189414 0.0127385 0.00879172 0.00887531 0.0127748 0.0509819 0.00401238 0.022251 0 0.0522625 0.00464612 0.00584954 0.0154568 0.00978634 0.00880604 0.00889429 0.00896288 0.00849752 0.0103974 0.0122969 0.0241908 0.00834398 0.00818893 0.00865239 0.00893097 0.0124208 0.0100946 0.00879441 0.00819815 0.00824375 0.0084627 0.00861275 0.00918266 0.00878244 0.00908535 0.00869939 0.00838077 0.0083617 0.00838119 0.00817688 0.00978151 0.00955642 0.00800843 0.00833735 0.00831562 0.00844549 0.00871123 0.012478 0.0109779 0.00897214 0.0111103 0.00863655 0.0081445 0.00869353 0.0106608 0.00929876 0.00908129 0.0120476 
0.008031 0.00807182 0.00837803 0.00863841 0.00804039 0.00789529 0.0082054 0.00852156 0.00859891 0.00856967 0.0122339 0.00971262 0.00943962 0.010892 0.00935292 0.00971842 0.0191948 0.0122196 0.0105673 0.0155199 0.0522625 0 0.00365649 0.00380177 0.0596138 0.0177476 0.0345987 0.0131074 0.0170115 0.0112816 0.0124874 0.0220954 0.0119985 0.00873027 0.0108089 0.0100385 0.0108767 0.0237957 0.00959422 0.00889436 0.00895712 0.00975126 0.0103356 0.0110582 0.0131911 0.0141032 0.013666 0.0116921 0.00987714 0.0100298 0.00893026 0.00880072 0.0126656 0.00853284 0.00831804 0.00950082 0.0100578 0.0106604 0.0108057 0.0176138 0.00892956 0.00834623 0.00900593 0.00955124 0.00931352 0.010328 0.0134579 0.00867019 0.0109418 0.0103579 
0.00809921 0.00849951 0.00807552 0.00795287 0.00785987 0.00813441 0.00794049 0.00806231 0.00844235 0.00840751 0.0087197 0.00830713 0.00834298 0.0112573 0.0107614 0.0206906 0.00979447 0.0107841 0.0271088 0.0365573 0.00464612 0.00365649 0 0.00359514 0.015458 0.155288 0.0134065 0.0309969 0.013439 0.0144032 0.0167619 0.0112147 0.010154 0.00998796 0.00919071 0.0105279 0.0283127 0.00935625 0.008857 0.00968145 0.0104273 0.00912975 0.0104721 0.0127149 0.0126957 0.0181313 0.0145257 0.0128147 0.0126838 0.00994137 0.00910323 0.00969652 0.00842539 0.00835 0.00903422 0.00909882 0.0116935 0.0121902 0.0213871 0.0111139 0.00854481 0.00806079 0.00942915 0.0103273 0.0112599 0.0138846 0.00882721 0.00932129 0.00924688 0.00819433 
0.00829126 0.00800854 0.00813119 0.00829435 0.00810789 0.00798205 0.00797733 0.00824185 0.00811267 0.00821937 0.0119394 0.00904555 0.0109481 0.0154056 0.0102336 0.00993365 0.0156137 0.0155964 0.0438191 0.00983276 0.00584954 0.00380177 0.00359514 0 0.04845 0.0130379 0.0300994 0.014161 0.0216075 0.013105 0.0171111 0.0138538 0.0305548 0.00886187 0.00853184 0.00981124 0.0100044 0.0117246 0.0125897 0.00951476 0.00882603 0.00937383 0.0100974 0.010666 0.0116726 0.0104454 0.0120673 0.0101552 0.0102047 0.00967288 0.00900101 0.00842234 0.00862659 0.0120486 0.00840254 0.00963088 0.0102083 0.0101763 0.0107311 0.0146808 0.00957727 0.00847848 0.0134844 0.0102796 0.00919174 0.00949991 0.0106622 0.00952729 0.00931446 0.00880534 
0.00807062 0.00812023 0.00875731 0.00879881 0.00786901 0.00789532 0.00813318 0.00825884 0.00840925 0.00844479 0.0114006 0.00918268 0.00906503 0.00974873 0.00897121 0.00939458 0.0171202 0.0108282 0.0132476 0.0188991 0.0154568 0.0596138 0.015458 0.04845 0 0.00363316 0.00360799 0.00358631 0.0036934 0.00372338 0.00378508 0.00441685 0.0062703 0.00610742 0.00732609 0.00900569 0.00954536 0.0309135 0.00985761 0.00989301 0.00904469 0.0100072 0.0126691 0.0121276 0.0207867 0.0147434 0.0275194 0.0139044 0.0112197 0.0119059 0.00925088 0.00932427 0.013221 0.00982507 0.00877982 0.0109641 0.0118886 0.0132884 0.013862 0.023607 0.0102546 0.00893561 0.00966546 0.0118464 0.00992105 0.013566 0.016414 0.00945272 0.013838 0.0108426 
0.0080837 0.00832016 0.00811823 0.0079539 0.0078525 0.00806414 0.00794092 0.00811861 0.0083601 0.00808609 0.00838892 0.00813446 0.00808922 0.0103705 0.010712 0.0157669 0.00945881 0.00883061 0.0138097 0.0104586 0.00978634 0.0177476 0.155288 0.0130379 0.00363316 0 0.00360899 0.00357787 0.00370056 0.00367718 0.00368781 0.00378917 0.00604525 0.00603738 0.00781176 0.00869767 0.0252399 0.00989143 0.0121035 0.00921323 0.0135515 0.00962109 0.0152707 0.0208243 0.0182982 0.0642383 0.0212839 0.0245667 0.0193442 0.0141655 0.011343 0.01 0.00902124 0.00897878 0.0108534 0.0116559 0.026899 0.0197943 0.0269899 0.0119519 0.00918405 0.00836204 0.0106286 0.0111281 0.0313852 0.0164366 0.0106326 0.00986608 0.00974654 0.00848329 
0.00851329 0.0082781 0.00818951 0.00801573 0.00803156 0.00812694 0.00806971 0.008202 0.00818356 0.00816683 0.00860904 0.00806847 0.00806511 0.00968131 0.0162046 0.0120698 0.0111021 0.00865815 0.0092962 0.013617 0.00880604 0.0345987 0.0134065 0.0300994 0.00360799 0.00360899 0 0.00356797 0.00356819 0.00357946 0.00356876 0.00358547 0.00538025 0.00640665 0.00775009 0.0152238 0.0130684 0.0117331 0.00845987 0.014069 0.0101382 0.0202314 0.0163381 0.0251747 0.0819702 0.0250632 0.100442 0.0321927 0.0370835 0.0243714 0.0153882 0.0107306 0.00871844 0.00919457 0.00921423 0.0284963 0.030022 0.0636104 0.0239752 0.0146455 0.00871299 0.00820194 0.0099374 0.0299949 0.0197047 0.0330776 0.01094 0.00908404 0.00962554 0.00838977 
0.00827132 0.00835463 0.00818261 0.0079946 0.00803656 0.00804784 0.00801856 0.0080427 0.00816353 0.00805465 0.00822628 0.00793756 0.00803065 0.0101029 0.0122207 0.0173553 0.00952333 0.00853366 0.0101901 0.00987761 0.00889429 0.0131074 0.0309969 0.014161 0.00358631 0.00357787 0.00356797 0 0.00355212 0.00355082 0.00355454 0.00356671 0.00439267 0.00612757 0.0105547 0.0130006 0.0169184 0.0151013 0.00901482 0.00887511 0.0167369 0.0112967 0.0238745 0.0439272 0.0208157 0.0910399 0.0362051 0.053207 0.0427291 0.0263482 0.0160997 0.00987406 0.0093525 0.00862417 0.0115145 0.0188511 0.0703032 0.0435375 0.0326577 0.0143075 0.00877699 0.0081799 0.0113817 0.0138789 0.0689648 0.0177031 0.0132203 0.00902873 0.00922277 0.00832195 
0.00829117 0.00829242 0.00824966 0.00802793 0.00793789 0.00812431 0.00808503 0.00809104 0.00813415 0.00810405 0.00846353 0.00798452 0.00815301 0.0094126 0.0154574 0.0116819 0.0109288 0.0086241 0.00911643 0.0114488 0.00896288 0.0170115 0.013439 0.0216075 0.0036934 0.00370056 0.00356819 0.00355212 0 0.00354638 0.00354678 0.00355971 0.00410845 0.00761269 0.0107548 0.0161796 0.0169974 0.00875408 0.00823772 0.0132712 0.00927695 0.0205591 0.0264804 0.0184286 0.0508805 0.0241907 0.0872485 0.0267215 0.0428337 0.0297693 0.0130484 0.0100305 0.00862288 0.00928076 0.00929948 0.0323814 0.0372192 0.0583109 0.0221278 0.0164066 0.00861603 0.00815945 0.0102485 0.0296911 0.0233214 0.0444351 0.0109862 0.00915155 0.00945762 0.00837032 
0.00822988 0.00824113 0.00805675 0.00797683 0.00799068 0.0081183 0.00800638 0.00802041 0.00814148 0.0080315 0.00809335 0.00790827 0.00795398 0.00936084 0.0105178 0.0148119 0.00884994 0.00839401 0.0103024 0.00947196 0.00849752 0.0112816 0.0144032 0.013105 0.00372338 0.00367718 0.00357946 0.00355082 0.00354638 0 0.00353636 0.00354943 0.00374816 0.00564731 0.0090606 0.0128356 0.00726874 0.00696847 0.00921904 0.00855276 0.019555 0.00980647 0.0165743 0.0207073 0.0169875 0.0488667 0.0208433 0.0384706 0.0277766 0.0175555 0.0131477 0.00886805 0.00893471 0.00857476 0.0107908 0.0148968 0.035942 0.0291759 0.0211923 0.0120171 0.00860434 0.00813878 0.011764 0.0117016 0.0696449 0.0116155 0.0105107 0.00909347 0.00904516 0.0082522 
0.00820519 0.00814645 0.00810542 0.00799192 0.00788831 0.00802423 0.00793664 0.00806383 0.00814908 0.00802106 0.00912188 0.00808431 0.00826363 0.00895276 0.0121416 0.0100643 0.00997156 0.00871777 0.00929102 0.014338 0.0103974 0.0124874 0.0167619 0.0171111 0.00378508 0.00368781 0.00356876 0.00355454 0.00354678 0.00353636 0 0.00358593 0.00444386 0.0129302 0.00890295 0.00572556 0.00643961 0.00689351 0.00758008 0.0171142 0.00767239 0.010116 0.0102426 0.0125922 0.0169582 0.0117617 0.0209153 0.0131137 0.0124407 0.0114816 0.00979544 0.00985594 0.00837192 0.0103049 0.00978198 0.0114876 0.0134398 0.0173116 0.0188888 0.0122489 0.00929191 0.00839938 0.00964522 0.0317102 0.00948713 0.0241053 0.00939029 0.00911475 0.0107822 0.00844829 
0.00819136 0.0080462 0.00805183 0.00831571 0.00799429 0.00802166 0.00792299 0.00845246 0.00848219 0.00833625 0.00940273 0.00865313 0.0101922 0.0117179 0.00883609 0.00937492 0.00961143 0.0105187 0.0183548 0.0101416 0.0122969 0.0220954 0.0112147 0.0138538 0.00441685 0.00378917 0.00358547 0.00356671 0.00355971 0.00354943 0.00358593 0 0.00891791 0.00425645 0.00393217 0.00396122 0.00587766 0.00602484 0.0349879 0.00703352 0.00899754 0.00831957 0.0115766 0.00992394 0.0120015 0.0132176 0.0110023 0.00999951 0.0114255 0.0101504 0.0091663 0.00843347 0.00973477 0.0119948 0.00939988 0.00940224 0.0108602 0.0101862 0.0122019 0.0190424 0.0117441 0.00950939 0.0249881 0.00985677 0.011646 0.0100851 0.0127437 0.0109539 0.0100403 0.0102651 
0.00818196 0.00800524 0.00878839 0.00852115 0.00817899 0.00795912 0.00859672 0.0088461 0.00850952 0.0084909 0.0121736 0.00948864 0.00938503 0.00853484 0.0086468 0.00898771 0.0156469 0.0105533 0.0099843 0.0149674 0.0241908 0.0119985 0.010154 0.0305548 0.0062703 0.00604525 0.00538025 0.00439267 0.00410845 0.00374816 0.00444386 0.00891791 0 0.0035596 0.00360267 0.00364639 0.00366522 0.00478614 0.00519255 0.00615706 0.00604051 0.00605894 0.00876248 0.0363214 0.0201661 0.0189959 0.0112775 0.00897571 0.00841332 0.00918983 0.0086269 0.00933105 0.017142 0.00920129 0.00851236 0.00918351 0.00945087 0.0102248 0.0122467 0.0294652 0.0107243 0.0100063 0.00947187 0.0110315 0.0100453 0.0119678 0.024381 0.009423 0.0160074 0.0125928 
0.00808089 0.00811404 0.00797788 0.00792429 0.00781087 0.00799952 0.00792601 0.00798337 0.00800436 0.00790192 0.00798702 0.00784804 0.00784202 0.00804112 0.00831454 0.00839258 0.00835815 0.00796289 0.00884158 0.00875107 0.00834398 0.00873027 0.00998796 0.00886187 0.00610742 0.00603738 0.00640665 0.00612757 0.00761269 0.00564731 0.0129302 0.00425645 0.0035596 0 0.00360788 0.00361415 0.00357879 0.00369336 0.00535516 0.00771671 0.00596584 0.0140841 0.0358613 0.0195119 0.00940038 0.00876237 0.0112194 0.00890024 0.00914008 0.00866016 0.00825803 0.00868544 0.00827797 0.0079625 0.00805427 0.00860595 0.00930167 0.0103564 0.0111681 0.00950381 0.00851703 0.00814863 0.00854741 0.00925186 0.0107846 0.0122845 0.0091171 0.00830601 0.00871897 0.0081928 
0.00813592 0.00807099 0.00799312 0.0079162 0.00790656 0.00793101 0.00789663 0.00794902 0.00798783 0.00799256 0.00801763 0.00784743 0.00785671 0.00810491 0.00843423 0.00853753 0.00819575 0.00793407 0.0090127 0.00850242 0.00818893 0.0108089 0.00919071 0.00853184 0.00732609 0.00781176 0.00775009 0.0105547 0.0107548 0.0090606 0.00890295 0.00393217 0.00360267 0.00360788 0 0.00356094 0.00353876 0.00356621 0.00641485 0.00628613 0.0126334 0.0127519 0.0256735 0.00872081 0.00857237 0.01297 0.0116423 0.0114208 0.0113996 0.00929668 0.00900445 0.00802846 0.00810478 0.00780133 0.00813532 0.0103543 0.0176942 0.0140951 0.0111481 0.00914352 0.00829514 0.0080333 0.00929154 0.00997872 0.0181374 0.0107144 0.00868066 0.0086625 0.00845744 0.00804682 
0.00845157 0.00815812 0.00807016 0.00798403 0.00803078 0.00801187 0.00794138 0.00800023 0.00812578 0.00805075 0.00817104 0.00793361 0.00787461 0.00835796 0.00922893 0.00876909 0.00858461 0.0080477 0.00895196 0.00974201 0.00865239 0.0100385 0.0105279 0.00981124 0.00900569 0.00869767 0.0152238 0.0130006 0.0161796 0.0128356 0.00572556 0.00396122 0.00364639 0.00361415 0.00356094 0 0.00354569 0.00357518 0.00614244 0.0207191 0.0145196 0.0206961 0.00886575 0.0125914 0.0107875 0.0154166 0.0170699 0.0116285 0.0106778 0.0148898 0.00965053 0.0100583 0.00853297 0.00825446 0.00847287 0.0115631 0.0153276 0.0191941 0.0118083 0.0107662 0.00845623 0.00826057 0.00897963 0.0133541 0.0189597 0.0120808 0.00943561 0.00872128 0.0088159 0.00831765 
0.00809284 0.00816582 0.00794354 0.00792541 0.00791853 0.00794402 0.00791559 0.00794479 0.00807678 0.00791503 0.00811921 0.00789003 0.00805086 0.00885602 0.00887818 0.0110628 0.00881304 0.00816676 0.0099129 0.00962283 0.00893097 0.0108767 0.0283127 0.0100044 0.00954536 0.0252399 0.0130684 0.0169184 0.0169974 0.00726874 0.00643961 0.00587766 0.00366522 0.00357879 0.00353876 0.00354569 0 0.00387757 0.0307376 0.0293565 0.0187156 0.00850302 0.00819322 0.0101872 0.0126535 0.0119753 0.0119073 0.00980693 0.0133266 0.00997946 0.00964583 0.010528 0.00852604 0.00816609 0.00925679 0.00954479 0.0136983 0.0120118 0.0202786 0.0134059 0.00910683 0.00848836 0.0107456 0.015396 0.0137574 0.0164502 0.0108986 0.0103752 0.00987115 0.00863086 
0.00822613 0.00797741 0.00811403 0.00831158 0.00799294 0.0080164 0.00797224 0.00802364 0.00810698 0.00797869 0.00901851 0.00835358 0.00948714 0.0106574 0.00847658 0.00872986 0.0091972 0.00969494 0.0112575 0.00945546 0.0124208 0.0237957 0.00935625 0.0117246 0.0309135 0.00989143 0.0117331 0.0151013 0.00875408 0.00696847 0.00689351 0.00602484 0.00478614 0.00369336 0.00356621 0.00357518 0.00387757 0 0.061536 0.0177258 0.00622914 0.00620585 0.00912858 0.00951374 0.00770961 0.00931144 0.00956779 0.00867105 0.00896398 0.00958098 0.00860277 0.00800973 0.00917466 0.0121753 0.00826573 0.00930821 0.00992893 0.00997096 0.0102758 0.0224297 0.0108166 0.00938839 0.0175335 0.0102145 0.00939497 0.0101833 0.013056 0.0112216 0.0114228 0.0107959 
0.00800804 0.00803311 0.00809514 0.00815747 0.00784848 0.00785181 0.00797808 0.00790386 0.00804721 0.00792775 0.00863232 0.00814446 0.00832864 0.00821997 0.00793634 0.00818945 0.00872333 0.0088308 0.0115614 0.00871323 0.0100946 0.00959422 0.008857 0.0125897 0.00985761 0.0121035 0.00845987 0.00901482 0.00823772 0.00921904 0.00758008 0.0349879 0.00519255 0.00535516 0.00641485 0.00614244 0.0307376 0.061536 0 0.0035971 0.00359435 0.00356554 0.00366351 0.00374342 0.00371348 0.00473432 0.00490727 0.00543571 0.00561183 0.0060004 0.00575469 0.0066383 0.0156503 0.00631207 0.00680742 0.00754128 0.0088184 0.00834992 0.0121139 0.0147955 0.00892993 0.00853411 0.00986697 0.00877912 0.00992076 0.00899224 0.0146927 0.00926677 0.0102547 0.0112122 
0.00820223 0.00809685 0.00812127 0.00798674 0.00787161 0.00795727 0.00793458 0.00802837 0.00799148 0.00800054 0.00804221 0.00784361 0.00784332 0.00797539 0.00848975 0.00822689 0.00836449 0.00794105 0.00838655 0.00918571 0.00879441 0.00889436 0.00968145 0.00951476 0.00989301 0.00921323 0.014069 0.00887511 0.0132712 0.00855276 0.0171142 0.00703352 0.00615706 0.00771671 0.00628613 0.0207191 0.0293565 0.0177258 0.0035971 0 0.00354733 0.00356148 0.00354627 0.0036181 0.00364596 0.00378939 0.00477628 0.00424737 0.005601 0.00557218 0.00659446 0.00742592 0.00648354 0.00621889 0.00668773 0.00886674 0.00837578 0.0099105 0.0127259 0.0107061 0.00844421 0.0078988 0.00848178 0.0135673 0.00939367 0.0163533 0.00918981 0.00852238 0.00969036 0.00851244 
0.00814608 0.00812567 0.00804474 0.00793019 0.00790798 0.00801042 0.00795392 0.00792588 0.00794058 0.00797471 0.00800295 0.00784178 0.00785006 0.00817229 0.00847835 0.00885773 0.00820151 0.00791177 0.00872947 0.00849448 0.00819815 0.00895712 0.0104273 0.00882603 0.00904469 0.0135515 0.0101382 0.0167369 0.00927695 0.019555 0.00767239 0.00899754 0.00604051 0.00596584 0.0126334 0.0145196 0.0187156 0.00622914 0.00359435 0.00354733 0 0.00353734 0.00359981 0.0035724 0.00361602 0.00369448 0.00422956 0.00389251 0.0086825 0.00550212 0.00569272 0.00542798 0.00550489 0.00589592 0.00654767 0.00759648 0.0106347 0.0111701 0.00992264 0.0107538 0.00742116 0.00765099 0.00933168 0.00938328 0.0292405 0.00985678 0.00947398 0.00892011 0.0086116 0.00825954 
0.00812833 0.00811227 0.00812213 0.00793152 0.00793549 0.00800588 0.00799539 0.00795847 0.00800901 0.00802621 0.0079714 0.00787168 0.00785852 0.00818672 0.00919049 0.00859051 0.00843338 0.00793059 0.00853336 0.00965703 0.00824375 0.00975126 0.00912975 0.00937383 0.0100072 0.00962109 0.0202314 0.0112967 0.0205591 0.00980647 0.010116 0.00831957 0.00605894 0.0140841 0.0127519 0.0206961 0.00850302 0.00620585 0.00356554 0.00356148 0.00353734 0 0.00351893 0.00358227 0.0035661 0.00379037 0.00388343 0.00380259 0.00435092 0.00530666 0.00690295 0.00507034 0.00537219 0.00560818 0.0060764 0.00802588 0.00970954 0.0126958 0.0104964 0.0109418 0.00743573 0.00774718 0.00865708 0.0211058 0.0119984 0.016361 0.00955955 0.00866601 0.00894135 0.0082313 
0.00840547 0.00810303 0.00814495 0.00796567 0.00793928 0.0081053 0.00795765 0.00794589 0.00801927 0.0080625 0.00812373 0.0078833 0.00787881 0.00837728 0.00907658 0.00905567 0.00869562 0.00800177 0.00885938 0.00899202 0.0084627 0.0103356 0.0104721 0.0100974 0.0126691 0.0152707 0.0163381 0.0238745 0.0264804 0.0165743 0.0102426 0.0115766 0.00876248 0.0358613 0.0256735 0.00886575 0.00819322 0.00912858 0.00366351 0.00354627 0.00359981 0.00351893 0 0.00356634 0.00355092 0.00355283 0.00360424 0.00366023 0.00443401 0.00473514 0.00485535 0.00608933 0.005411 0.00566891 0.00633079 0.0079819 0.0129008 0.0145701 0.0138433 0.0111356 0.0078555 0.00783997 0.0110648 0.0117604 0.0299313 0.0129332 0.0102563 0.00897089 0.00933276 0.00857291 
0.00837157 0.00836472 0.00823974 0.00806553 0.00802629 0.00809648 0.00805502 0.00802947 0.00813063 0.00802881 0.00816267 0.00795958 0.0079213 0.00856716 0.0102667 0.00973917 0.00885893 0.00805026 0.00919685 0.0103487 0.00861275 0.0110582 0.0127149 0.010666 0.0121276 0.0208243 0.0251747 0.0439272 0.0184286 0.0207073 0.0125922 0.00992394 0.0363214 0.0195119 0.00872081 0.0125914 0.0101872 0.00951374 0.00374342 0.0036181 0.0035724 0.00358227 0.00356634 0 0.00353965 0.00355333 0.0036558 0.00500679 0.00414814 0.00396811 0.00540444 0.00412298 0.00553479 0.00570161 0.00616359 0.00963021 0.0123436 0.014441 0.0120998 0.015838 0.0080165 0.00801404 0.0102609 0.0175314 0.0278239 0.0193675 0.0116229 0.00981451 0.010286 0.00862959 
0.00840346 0.00832404 0.00822675 0.00814227 0.00803756 0.00815486 0.00809327 0.00814446 0.00811044 0.0081024 0.00841962 0.00793035 0.007952 0.00902228 0.0109518 0.0109508 0.00900745 0.00821694 0.00931956 0.0122632 0.00918266 0.0131911 0.0126957 0.0116726 0.0207867 0.0182982 0.0819702 0.0208157 0.0508805 0.0169875 0.0169582 0.0120015 0.0201661 0.00940038 0.00857237 0.0107875 0.0126535 0.00770961 0.00371348 0.00364596 0.00361602 0.0035661 0.00355092 0.00353965 0 0.00356893 0.00364215 0.00357603 0.00366269 0.00384853 0.00395561 0.00391653 0.00483511 0.00600729 0.00618087 0.00962508 0.0119945 0.012877 0.017546 0.0115118 0.00870962 0.00835122 0.0108489 0.0267241 0.0272944 0.0286468 0.0130979 0.0108578 0.012026 0.00876887 
0.00838852 0.00845014 0.00831305 0.00806603 0.00808892 0.00813624 0.00811561 0.00805821 0.00814186 0.00816705 0.00829965 0.00800266 0.00800044 0.00958066 0.0114568 0.0114749 0.00870436 0.00827258 0.00989069 0.0111891 0.00878244 0.0141032 0.0181313 0.0104454 0.0147434 0.0642383 0.0250632 0.0910399 0.0241907 0.0488667 0.0117617 0.0132176 0.0189959 0.00876237 0.01297 0.0154166 0.0119753 0.00931144 0.00473432 0.00378939 0.00369448 0.00379037 0.00355283 0.00355333 0.00356893 0 0.00357137 0.00358129 0.00359429 0.00370302 0.00427974 0.0037946 0.00454147 0.0057289 0.00667107 0.00809117 0.0153394 0.020236 0.0155378 0.22966 0.00966794 0.00832681 0.0160957 0.0185482 0.0606625 0.0217616 0.0134024 0.0137219 0.0111556 0.00888534 
0.00867466 0.00847679 0.00835536 0.00804937 0.00808036 0.0081533 0.00821113 0.00820375 0.00812855 0.008136 0.00842013 0.00795398 0.00795149 0.00937278 0.0120264 0.0115126 0.00933553 0.00816525 0.00927421 0.0120381 0.00908535 0.013666 0.0145257 0.0120673 0.0275194 0.0212839 0.100442 0.0362051 0.0872485 0.0208433 0.0209153 0.0110023 0.0112775 0.0112194 0.0116423 0.0170699 0.0119073 0.00956779 0.00490727 0.00477628 0.00422956 0.00388343 0.00360424 0.0036558 0.00364215 0.00357137 0 0.00355092 0.00359191 0.00361453 0.00363885 0.0037712 0.00482451 0.00599052 0.0064452 0.0121507 0.0137826 0.0204787 0.296307 0.239012 0.00800476 0.00835245 0.011085 0.0329304 0.036571 0.035691 0.0138549 0.0122932 0.0126494 0.00875388 
0.00837306 0.00837778 0.00822618 0.00799232 0.00799222 0.00809428 0.00806798 0.00808254 0.00806567 0.00815686 0.00819004 0.00792218 0.00791349 0.00875269 0.0105477 0.0102804 0.00887049 0.00813318 0.00911719 0.0102588 0.00869939 0.0116921 0.0128147 0.0101552 0.0139044 0.0245667 0.0321927 0.053207 0.0267215 0.0384706 0.0131137 0.00999951 0.00897571 0.00890024 0.0114208 0.0116285 0.00980693 0.00867105 0.00543571 0.00424737 0.00389251 0.00380259 0.00366023 0.00500679 0.00357603 0.00358129 0.00355092 0 0.00354587 0.00355852 0.00355873 0.00355575 0.00358267 0.00422739 0.00579215 0.00700274 0.0128873 0.0448801 0.349917 0.0177399 0.00697738 0.00782654 0.0107717 0.0162891 0.0341664 0.0215162 0.0166519 0.0115075 0.0104813 0.00856232 
0.00831693 0.00832978 0.00825846 0.00799998 0.00805114 0.00809776 0.00801574 0.00800206 0.00800341 0.00806243 0.00810266 0.00788439 0.00790446 0.00849339 0.0107046 0.0103488 0.00859626 0.00797977 0.00885715 0.010205 0.00838077 0.00987714 0.0126838 0.0102047 0.0112197 0.0193442 0.0370835 0.0427291 0.0428337 0.0277766 0.0124407 0.0114255 0.00841332 0.00914008 0.0113996 0.0106778 0.0133266 0.00896398 0.00561183 0.005601 0.0086825 0.00435092 0.00443401 0.00414814 0.00366269 0.00359429 0.00359191 0.00354587 0 0.00351618 0.00353423 0.00356314 0.00362586 0.00550399 0.00577084 0.00821969 0.0364595 0.895165 0.0337548 0.00888084 0.0064076 0.00742664 0.00939551 0.0161525 0.0287795 0.0280188 0.012625 0.0104307 0.0110788 0.00833013 
0.00841681 0.00820004 0.00812362 0.00799127 0.00793478 0.00803548 0.0079188 0.00799356 0.00800196 0.00803749 0.00810788 0.00788805 0.00790157 0.00825164 0.00913118 0.00899427 0.0084557 0.00796814 0.00886291 0.0094746 0.0083617 0.0100298 0.00994137 0.00967288 0.0119059 0.0141655 0.0243714 0.0263482 0.0297693 0.0175555 0.0114816 0.0101504 0.00918983 0.00866016 0.00929668 0.0148898 0.00997946 0.00958098 0.0060004 0.00557218 0.00550212 0.00530666 0.00473514 0.00396811 0.00384853 0.00370302 0.00361453 0.00355852 0.00351618 0 0.00347972 0.0035333 0.00392329 0.00367918 0.00548897 0.0101954 0.949059 0.0213748 0.0109349 0.00958788 0.00627387 0.00725061 0.00939591 0.0135855 0.0195595 0.0163463 0.0109775 0.00952233 0.00955196 0.00845501 
0.00825377 0.00807482 0.00809065 0.00799127 0.00793697 0.0079992 0.00802283 0.00794597 0.00794965 0.00792615 0.007999 0.00786701 0.00787962 0.00809759 0.00845641 0.00859222 0.00821042 0.00792936 0.00833998 0.00879011 0.00838119 0.00893026 0.00910323 0.00900101 0.00925088 0.011343 0.0153882 0.0160997 0.0130484 0.0131477 0.00979544 0.0091663 0.0086269 0.00825803 0.00900445 0.00965053 0.00964583 0.00860277 0.00575469 0.00659446 0.00569272 0.00690295 0.00485535 0.00540444 0.00395561 0.00427974 0.00363885 0.00355873 0.00353423 0.00347972 0 0.00378578 0.00366396 0.00382526 0.011055 0.955658 0.0138858 0.00862187 0.00678153 0.00638733 0.00572946 0.00680941 0.00902275 0.0102426 0.0163727 0.0104586 0.00955146 0.00888113 0.0090162 0.0085444 
