3RHNA
RPGGDTIFGKIIRKEIPAKIIFEDDQCLAFHDISPQAPTHFLVIPKKHISQISAAEDADESLLGHLMIVGKKCAADLGLKKGYRMVVNEGSDGGQSVYHVHLHVLGGRQMNWPPG
CCCCCCHHHHHHCCCCCCCEEEECCCEEEEECCCCCCCEEEEEEECCCCCCHHHCCHHHHHHHHHHHHHHHHHHHHCCCCCCEEEECCCHHHHCCCCCCCCEEEEECCCCCCCCC
0 0 0 0 0 0 0 0 0 0 0 0 0 0 0 0 0 0 0 0 0 0 0 0 0 0 0 0 0 0 0 0 0 0 0 0 0 0 0 0 0 0 0 0 0 0 0 0 0 0 0 0 0 0 0 0 0 0 0 0 0 0 0 0 0 0 0 0 0 0 0 0 0 0 0 0 0 0 0 0 0 0 0 0 0 0 0 0 0 0 0 0 0 0 0 0 0 0 0 0 0 0 0 0 0 0 0 0 0 0 0 0 0 0 0 
0 0 0 0 0 0 0 0 0 0 0 0 0 0 0 0 0 0 0 0 0 0 0 0 0 0 0 0 0 0 0 0 0 0 0 0 0 0 0 0 0 0 0 0 0 0 0 0 0 0 0 0 0 0 0 0 0 0 0 0 0 0 0 0 0 0 0 0 0 0 0 0 0 0 0 0 0 0 0 0 0 0 0 0 0 0 0 0 0 0 0 0 0 0 0 0 0 0 0 0 0 0 0 0 0 0 0 0 0 0 0 0 0 0 0 
0 0.00406924 0.0043496 0.00973612 0.0053095 0.00655838 0.0175668 0.411897 0.259657 0.0146784 0.0103918 0.0109717 0.0130698 0.0291912 0.0111145 0.0455521 0.010778 0.00896292 0.0091823 0.0124115 0.0178349 0.00866323 0.00864186 0.00879657 0.010735 
0.00406924 0 0.00481752 0.00379138 0.0045192 0.0089102 0.133 0.175228 0.00819796 0.00793614 0.0141299 0.0101908 0.0139443 0.0126266 0.0206625 0.00907452 0.00879228 0.00898862 0.00990833 0.00900968 0.00883429 0.010384 0.00984479 0.00951598 0.00839776 
0.0043496 0.00481752 0 0.00379968 0.00874577 0.114492 0.256194 0.00889549 0.00490372 0.00807907 0.0110401 0.012962 0.0111905 0.0148732 0.0124529 0.00985669 0.00843761 0.00942771 0.00891658 0.00852286 0.00896899 0.00952772 0.0107356 0.00931046 0.00848859 
0.00973612 0.00379138 0.00379968 0 0.226707 0.30215 0.00432113 0.00438548 0.00787881 0.00969501 0.00913207 0.00892648 0.0112631 0.0120658 0.0104402 0.0106669 0.0138144 0.00859625 0.00839137 0.00932846 0.0113981 0.00889688 0.00845366 0.00899419 0.00974496 
0.0053095 0.0045192 0.00874577 0.226707 0 0.00365253 0.00359106 0.00363205 0.00401889 0.0111277 0.00745283 0.0110472 0.0100369 0.0278176 0.0337076 0.481736 0.0120809 0.00887187 0.00954017 0.0149608 0.0159736 0.00967323 0.0103041 0.00920301 0.0141672 
0.00655838 0.0089102 0.114492 0.30215 0.00365253 0 0.0035549 0.00358762 0.00359976 0.00749621 0.0103684 0.0114688 0.0319036 0.0374136 0.509915 0.00853903 0.00922411 0.0101778 0.0115586 0.00983876 0.0139942 0.0214546 0.0198067 0.0184185 0.00912259 
0.0175668 0.133 0.256194 0.00432113 0.00359106 0.0035549 0 0.00355158 0.00358205 0.00604186 0.0205688 0.0435496 0.0270801 0.595819 0.012694 0.00794771 0.00887914 0.011939 0.0126045 0.00932212 0.0108234 0.0238657 0.047983 0.0164163 0.0092419 
0.411897 0.175228 0.00889549 0.00438548 0.00363205 0.00358762 0.00355158 0 0.00357346 0.012253 0.0430365 0.0365672 0.533847 0.0124493 0.0133199 0.00893436 0.00891355 0.0124178 0.0102552 0.00900437 0.0127845 0.0133588 0.0198415 0.0195492 0.00940117 
0.259657 0.00819796 0.00490372 0.00787881 0.00401889 0.00359976 0.00358205 0.00357346 0 0.0782587 0.0231536 0.355592 0.00831934 0.00886499 0.00733808 0.00840785 0.0138053 0.00878202 0.0087407 0.00984441 0.0140368 0.0102532 0.00971864 0.0108967 0.0119251 
0.0146784 0.00793614 0.00807907 0.00969501 0.0111277 0.00749621 0.00604186 0.012253 0.0782587 0 0.00407105 0.00358917 0.00359766 0.0036199 0.00362006 0.00511516 0.0282546 0.0108273 0.00974171 0.013856 0.0218806 0.0118233 0.012784 0.00940795 0.0179731 
0.0103918 0.0141299 0.0110401 0.00913207 0.00745283 0.0103684 0.0205688 0.0430365 0.0231536 0.00407105 0 0.0036424 0.00361605 0.00358995 0.00381735 0.00373783 0.0157319 0.018919 0.0116617 0.0105223 0.0118122 0.0461225 0.0134295 0.0268364 0.00896376 
0.0109717 0.0101908 0.012962 0.00892648 0.0110472 0.0114688 0.0435496 0.0365672 0.355592 0.00358917 0.0036424 0 0.00356971 0.00360606 0.00358608 0.00362001 0.0279039 0.0188615 0.0153666 0.0132556 0.0250514 0.0189856 0.18291 0.0194391 0.0115739 
0.0130698 0.0139443 0.0111905 0.0112631 0.0100369 0.0319036 0.0270801 0.533847 0.00831934 0.00359766 0.00361605 0.00356971 0 0.00357078 0.003575 0.00357075 0.0240555 0.0339982 0.0223673 0.0119874 0.0193508 0.116767 0.0793078 0.0605267 0.0104198 
0.0291912 0.0126266 0.0148732 0.0120658 0.0278176 0.0374136 0.595819 0.0124493 0.00886499 0.0036199 0.00358995 0.00360606 0.00357078 0 0.00355771 0.00355588 0.0173902 0.0349663 0.024413 0.0119254 0.0307613 0.0407506 0.177145 0.0252444 0.0114098 
0.0111145 0.0206625 0.0124529 0.0104402 0.0337076 0.509915 0.012694 0.0133199 0.00733808 0.00362006 0.00381735 0.00358608 0.003575 0.00355771 0 0.00363697 0.0122398 0.0159486 0.0500521 0.0122708 0.012626 0.0316537 0.019477 0.0373596 0.00948828 
0.0455521 0.00907452 0.00985669 0.0106669 0.481736 0.00853903 0.00794771 0.00893436 0.00840785 0.00511516 0.00373783 0.00362001 0.00357075 0.00355588 0.00363697 0 0.0122357 0.0101322 0.0114456 0.0446927 0.0292225 0.0105761 0.0113057 0.00948082 0.0128285 
0.010778 0.00879228 0.00843761 0.0138144 0.0120809 0.00922411 0.00887914 0.00891355 0.0138053 0.0282546 0.0157319 0.0279039 0.0240555 0.0173902 0.0122398 0.0122357 0 0.00401256 0.00373982 0.00449839 0.01346 0.0103822 0.0103282 0.0170586 0.337108 
0.00896292 0.00898862 0.00942771 0.00859625 0.00887187 0.0101778 0.011939 0.0124178 0.00878202 0.0108273 0.018919 0.0188615 0.0339982 0.0349663 0.0159486 0.0101322 0.00401256 0 0.00367747 0.00371443 0.0121384 0.0166063 0.0214906 0.347791 0.0103521 
0.0091823 0.00990833 0.00891658 0.00839137 0.00954017 0.0115586 0.0126045 0.0102552 0.0087407 0.00974171 0.0116617 0.0153666 0.0223673 0.024413 0.0500521 0.0114456 0.00373982 0.00367747 0 0.00362002 0.012677 0.0230596 0.307985 0.0253373 0.00916142 
0.0124115 0.00900968 0.00852286 0.00932846 0.0149608 0.00983876 0.00932212 0.00900437 0.00984441 0.013856 0.0105223 0.0132556 0.0119874 0.0119254 0.0122708 0.0446927 0.00449839 0.00371443 0.00362002 0 0.0244202 0.283305 0.0117472 0.0202421 0.0350558 
0.0178349 0.00883429 0.00896899 0.0113981 0.0159736 0.0139942 0.0108234 0.0127845 0.0140368 0.0218806 0.0118122 0.0250514 0.0193508 0.0307613 0.012626 0.0292225 0.01346 0.0121384 0.012677 0.0244202 0 0.0036453 0.00362965 0.00362533 0.00449878 
0.00866323 0.010384 0.00952772 0.00889688 0.00967323 0.0214546 0.0238657 0.0133588 0.0102532 0.0118233 0.0461225 0.0189856 0.116767 0.0407506 0.0316537 0.0105761 0.0103822 0.0166063 0.0230596 0.283305 0.0036453 0 0.00361579 0.00368506 0.00364065 
0.00864186 0.00984479 0.0107356 0.00845366 0.0103041 0.0198067 0.047983 0.0198415 0.00971864 0.012784 0.0134295 0.18291 0.0793078 0.177145 0.019477 0.0113057 0.0103282 0.0214906 0.307985 0.0117472 0.00362965 0.00361579 0 0.00359355 0.00359396 
0.00879657 0.00951598 0.00931046 0.00899419 0.00920301 0.0184185 0.0164163 0.0195492 0.0108967 0.00940795 0.0268364 0.0194391 0.0605267 0.0252444 0.0373596 0.00948082 0.0170586 0.347791 0.0253373 0.0202421 0.00362533 0.00368506 0.00359355 0 0.00356429 
0.010735 0.00839776 0.00848859 0.00974496 0.0141672 0.00912259 0.0092419 0.00940117 0.0119251 0.0179731 0.00896376 0.0115739 0.0104198 0.0114098 0.00948828 0.0128285 0.337108 0.0103521 0.00916142 0.0350558 0.00449878 0.00364065 0.00359396 0.00356429 0 
