4PAZA
ENIEVHMLNKGAEGAMVFEPAYIKANPGDTVTFIPVDKGHNVESIKDMIPEGAEKFKSKINENYVLTVTQPGAYLVKCTAHYAMGMIALIAVGDSPANLDQIVSAKKPKIVQERLEKVIASAK
CEEEEEEEEEECCEEEEEECCECCECCCCEEEEEECCCCCCCEECCCCCCCCCCCCECCCCCCEEEECCCCECCEEECCCCHHHCCEEECCECCCCCCHHHHHHCCCCHHHHHHHHHHHHCCC
0 0 0 0 0 0 0 0 0 0 0 0 0 0 0 0 0 0 0 0 0 0 0 0 0 0 0 0 0 0 0 0 0 0 0 0 0 0 0 0 0 0 0 0 0 0 0 0 0 0 0 0 0 0 0 0 0 0 0 0 0 0 0 0 0 0 0 0 0 0 0 0 0 0 0 0 0 0 0 0 0 0 0 0 0 0 0 0 0 0 0 0 0 0 0 0 0 0 0 0 0 0 0 0 0 0 0 0 0 0 0 0 0 0 0 0 0 0 0 0 0 0 0 
0 0 0 0 0 0 0 0 0 0 0 0 0 0 0 0 0 0 0 0 0 0 0 0 0 0 0 0 0 0 0 0 0 0 0 0 0 0 0 0 0 0 0 0 0 0 0 0 0 0 0 0 0 0 0 0 0 0 0 0 0 0 0 0 0 0 0 0 0 0 0 0 0 0 0 0 0 0 0 0 0 0 0 0 0 0 0 0 0 0 0 0 0 0 0 0 0 0 0 0 0 0 0 0 0 0 0 0 0 0 0 0 0 0 0 0 0 0 0 0 0 0 0 
0 0.00418882 0.00384645 0.00369372 0.004056 0.00382851 0.00446624 0.00440026 0.00928132 0.0140283 0.00683363 0.0105969 0.00792444 0.0167721 0.0100977 0.0296799 0.0233869 0.0142275 0.13681 0.0097396 0.0478879 0.0107898 0.0210907 0.0158443 0.0147554 0.0125117 0.0163888 0.0101203 0.0140371 0.00870171 0.0319631 0.00954191 0.0118395 0.00877852 0.017354 0.00937212 0.00919727 0.0120354 0.0113435 
0.00418882 0 0.00366608 0.00380791 0.00369346 0.00386287 0.00382517 0.00407892 0.00516657 0.00665211 0.00798498 0.0063557 0.0112661 0.00802633 0.0430495 0.00902839 0.00893915 0.0293868 0.008923 0.282341 0.009146 0.0540512 0.0104937 0.0163078 0.00980806 0.0129004 0.00891713 0.0160043 0.00850324 0.0457011 0.00982619 0.0100448 0.0093844 0.0167202 0.00943231 0.0101897 0.0113252 0.0104371 0.0109198 
0.00384645 0.00366608 0 0.00364718 0.00392016 0.00363666 0.0036838 0.00395636 0.00423779 0.00417314 0.00544972 0.0100024 0.00667917 0.0232051 0.00736143 0.00895975 0.0132356 0.00802586 0.0510892 0.00842004 0.309627 0.00969405 0.0207603 0.00857503 0.0118562 0.00878461 0.0109102 0.00858055 0.0679324 0.00863604 0.0244673 0.00807993 0.0118279 0.00885663 0.0134614 0.0090141 0.00997678 0.0106041 0.00876155 
0.00369372 0.00380791 0.00364718 0 0.00364076 0.00371965 0.00379409 0.00372075 0.0036714 0.00372782 0.00592323 0.0056666 0.0285013 0.00705431 0.0117541 0.0114257 0.00809142 0.0191797 0.00824213 0.0980754 0.00885752 0.123232 0.00905859 0.0104794 0.0088295 0.00918188 0.00809515 0.0163066 0.00853471 0.0357121 0.00847674 0.00900506 0.00943012 0.0138482 0.00881955 0.00989623 0.0103663 0.0096519 0.00937932 
0.004056 0.00369346 0.00392016 0.00364076 0 0.00363805 0.00364827 0.00365473 0.00364886 0.00357033 0.00462145 0.0170054 0.00653241 0.012317 0.0227416 0.537634 0.009319 0.0079651 0.0348599 0.00843856 0.11805 0.0102021 0.0296921 0.00874043 0.010191 0.00889902 0.00943678 0.00857625 0.0314036 0.00885305 0.0173737 0.00812042 0.0123491 0.00959166 0.0111468 0.00929704 0.0114306 0.0103679 0.00849924 
0.00382851 0.00386287 0.00363666 0.00371965 0.00363805 0 0.00362206 0.00362321 0.00356567 0.0035808 0.00856942 0.0057573 0.0126234 0.0311635 0.806652 0.00731371 0.00726965 0.00863153 0.00956203 0.0260806 0.0117463 0.0354913 0.0093718 0.01931 0.00916184 0.00928897 0.00843602 0.0110403 0.0090665 0.0162235 0.00977077 0.00834324 0.0101753 0.011783 0.00957951 0.0104644 0.010318 0.0103796 0.0088104 
0.00446624 0.00382517 0.0036838 0.00379409 0.00364827 0.00362206 0 0.00354148 0.00356851 0.00367302 0.0039889 0.00554096 0.0363432 0.735479 0.0110832 0.00598589 0.00689331 0.00750382 0.0096353 0.010712 0.015527 0.0138164 0.0115022 0.00868293 0.00898533 0.00879526 0.00847684 0.00915711 0.00986125 0.0104871 0.0102513 0.00822569 0.0091865 0.0100237 0.0092157 0.00890523 0.00941748 0.00933372 0.00851618 
0.00440026 0.00407892 0.00395636 0.00372075 0.00365473 0.00362321 0.00354148 0 0.00355379 0.0035415 0.00386488 0.00714847 0.442684 0.0148009 0.00536916 0.00527114 0.0062128 0.00668802 0.00842674 0.00995277 0.0142133 0.0148667 0.0089511 0.00838706 0.00871161 0.00856165 0.00809563 0.00850435 0.00936886 0.00962601 0.00928293 0.00803215 0.00887329 0.00937744 0.00890067 0.00863253 0.00893897 0.00947699 0.00823923 
0.00928132 0.00516657 0.00423779 0.0036714 0.00364886 0.00356567 0.00356851 0.00355379 0 0.00370059 0.00430303 0.864462 0.00615476 0.00694415 0.00522456 0.00538458 0.00650723 0.00681559 0.0153727 0.0102696 0.0124168 0.00921212 0.0146018 0.00822947 0.0109348 0.00946608 0.00960321 0.00913774 0.0113198 0.0089488 0.0113566 0.00830403 0.00940902 0.0118207 0.00889357 0.0087227 0.0107031 0.00939978 0.0085327 
0.0140283 0.00665211 0.00417314 0.00372782 0.00357033 0.0035808 0.00367302 0.0035415 0.00370059 0 0.962269 0.00404112 0.00403792 0.00377333 0.00428902 0.004523 0.00799579 0.0120709 0.0115949 0.0119379 0.00858567 0.00971562 0.00889446 0.0117749 0.0112456 0.0114486 0.011844 0.0187004 0.00862931 0.0101808 0.0105716 0.0116908 0.0134638 0.00876411 0.00956216 0.0151001 0.00851537 0.0109467 0.0123966 
0.00683363 0.00798498 0.00544972 0.00592323 0.00462145 0.00856942 0.0039889 0.00386488 0.00430303 0.962269 0 0.00358804 0.0035836 0.00360748 0.00365395 0.0046672 0.0062001 0.0122868 0.00822507 0.0137269 0.00911184 0.0197694 0.0102008 0.111311 0.00915516 0.0161471 0.0111844 0.0140811 0.00860998 0.0153475 0.0129041 0.0120971 0.00943781 0.00947388 0.0120541 0.00939029 0.00862053 0.0126152 0.0138684 
0.0105969 0.0063557 0.0100024 0.0056666 0.0170054 0.0057573 0.00554096 0.00714847 0.864462 0.00404112 0.00358804 0 0.00356493 0.00363481 0.00376532 0.00376804 0.00488241 0.00576221 0.0113082 0.00872149 0.027124 0.0113251 0.0657449 0.0119921 0.011203 0.00985066 0.0100419 0.00868764 0.0148792 0.0093815 0.0193674 0.00847331 0.0106511 0.0106932 0.0111712 0.00872895 0.0126312 0.00984093 0.00905955 
0.00792444 0.0112661 0.00667917 0.0285013 0.00653241 0.0126234 0.0363432 0.442684 0.00615476 0.00403792 0.0035836 0.00356493 0 0.00365789 0.00356792 0.00357163 0.00373471 0.0060025 0.00881193 0.027661 0.012839 0.0767312 0.0137208 0.00918979 0.00938864 0.00933912 0.00856107 0.0101165 0.00947359 0.0209945 0.00946252 0.00849299 0.0110839 0.0147743 0.0099742 0.0100419 0.0113561 0.0107463 0.00897285 
0.0167721 0.00802633 0.0232051 0.00705431 0.012317 0.0311635 0.735479 0.0148009 0.00694415 0.00377333 0.00360748 0.00363481 0.00365789 0 0.0035959 0.003554 0.00395455 0.00515993 0.0119732 0.00866671 0.0874106 0.0396091 0.0141211 0.00963864 0.00995947 0.00970596 0.00918281 0.00889302 0.0232731 0.0114196 0.0156435 0.00856755 0.011923 0.0120755 0.0146329 0.00946145 0.0115877 0.0124105 0.00908702 
0.0100977 0.0430495 0.00736143 0.0117541 0.0227416 0.806652 0.0110832 0.00536916 0.00522456 0.00428902 0.00365395 0.00376532 0.00356792 0.0035959 0 0.00355983 0.00402134 0.0131853 0.00813647 0.081547 0.0119945 0.0161096 0.0121458 0.0087518 0.0109424 0.01506 0.0091158 0.0125571 0.0101759 0.0233635 0.00932667 0.00928634 0.0116396 0.0257265 0.00916549 0.0102963 0.0171772 0.012961 0.00986212 
0.0296799 0.00902839 0.00895975 0.0114257 0.537634 0.00731371 0.00598589 0.00527114 0.00538458 0.004523 0.0046672 0.00376804 0.00357163 0.003554 0.00355983 0 0.0292735 0.00473031 0.0836887 0.00863194 0.0117119 0.0125206 0.00832568 0.00741591 0.0132021 0.0129412 0.0141027 0.0148605 0.0106796 0.00872279 0.0162732 0.0110274 0.0157088 0.0089537 0.0130029 0.0126747 0.0087573 0.0111674 0.0108424 
0.0233869 0.00893915 0.0132356 0.00809142 0.009319 0.00726965 0.00689331 0.0062128 0.00650723 0.00799579 0.0062001 0.00488241 0.00373471 0.00395455 0.00402134 0.0292735 0 0.114326 0.023615 0.00779492 0.00905358 0.00713603 0.00770096 0.00987402 0.0218901 0.0232504 0.0947422 0.0124345 0.0118679 0.00897252 0.0281405 0.0321632 0.0151612 0.00931835 0.0158833 0.0107972 0.00941413 0.0135502 0.0254438 
0.0142275 0.0293868 0.00802586 0.0191797 0.0079651 0.00863153 0.00750382 0.00668802 0.00681559 0.0120709 0.0122868 0.00576221 0.0060025 0.00515993 0.0131853 0.00473031 0.114326 0 0.0240149 0.0220785 0.0041903 0.00538082 0.00534492 0.00921714 0.0143891 0.0228604 0.0402458 0.0354863 0.00919486 0.0165313 0.0137151 0.0979748 0.01469 0.0150172 0.0112135 0.0147642 0.0112267 0.0149547 0.0904274 
0.13681 0.008923 0.0510892 0.00824213 0.0348599 0.00956203 0.0096353 0.00842674 0.0153727 0.0115949 0.00822507 0.0113082 0.00881193 0.0119732 0.00813647 0.0836887 0.023615 0.0240149 0 0.00365978 0.00395686 0.00361903 0.00390679 0.00485579 0.0160928 0.0119113 0.0405363 0.0105622 0.0253562 0.00914535 0.15035 0.0115583 0.0220069 0.00904907 0.0322412 0.0130085 0.0108786 0.0206059 0.016472 
0.0097396 0.282341 0.00842004 0.0980754 0.00843856 0.0260806 0.010712 0.00995277 0.0102696 0.0119379 0.0137269 0.00872149 0.027661 0.00866671 0.081547 0.00863194 0.00779492 0.0220785 0.00365978 0 0.00362369 0.00363757 0.00364625 0.0038542 0.00772181 0.0101487 0.00934845 0.0273899 0.00906457 0.188863 0.00939221 0.0142868 0.0130404 0.0394486 0.00975152 0.0171184 0.0206224 0.0119453 0.0137603 
0.0478879 0.009146 0.309627 0.00885752 0.11805 0.0117463 0.015527 0.0142133 0.0124168 0.00858567 0.00911184 0.027124 0.012839 0.0874106 0.0119945 0.0117119 0.00905358 0.0041903 0.00395686 0.00362369 0 0.0035666 0.00357634 0.00357586 0.00811352 0.00837665 0.012619 0.00999242 0.203658 0.00959273 0.046959 0.00949719 0.0253183 0.0127754 0.0173878 0.0120329 0.0212217 0.0136689 0.00983327 
0.0107898 0.0540512 0.00969405 0.123232 0.0102021 0.0354913 0.0138164 0.0148667 0.00921212 0.00971562 0.0197694 0.0113251 0.0767312 0.0396091 0.0161096 0.0125206 0.00713603 0.00538082 0.00361903 0.00363757 0.0035666 0 0.00355822 0.00355889 0.00759233 0.0144757 0.00921732 0.0543252 0.00978755 0.0653182 0.0111696 0.0100041 0.0131891 0.0232803 0.012566 0.0141187 0.0164725 0.0191269 0.0103997 
0.0210907 0.0104937 0.0207603 0.00905859 0.0296921 0.0093718 0.0115022 0.0089511 0.0146018 0.00889446 0.0102008 0.0657449 0.0137208 0.0141211 0.0121458 0.00832568 0.00770096 0.00534492 0.00390679 0.00364625 0.00357634 0.00355822 0 0.00393453 0.0163935 0.0130549 0.0124683 0.0100268 0.0428147 0.01133 0.0204952 0.00950506 0.0145128 0.0287772 0.0133346 0.0107139 0.0226275 0.0146298 0.0100955 
0.0158443 0.0163078 0.00857503 0.0104794 0.00874043 0.01931 0.00868293 0.00838706 0.00822947 0.0117749 0.111311 0.0119921 0.00918979 0.00963864 0.0087518 0.00741591 0.00987402 0.00921714 0.00485579 0.0038542 0.00357586 0.00355889 0.00393453 0 0.0124352 0.0147816 0.0115671 0.0343999 0.0093222 0.0108758 0.0113614 0.0155323 0.0184253 0.0127177 0.0100206 0.0205421 0.00939028 0.0142909 0.0132181 
0.0147554 0.00980806 0.0118562 0.0088295 0.010191 0.00916184 0.00898533 0.00871161 0.0109348 0.0112456 0.00915516 0.011203 0.00938864 0.00995947 0.0109424 0.0132021 0.0218901 0.0143891 0.0160928 0.00772181 0.00811352 0.00759233 0.0163935 0.0124352 0 0.00413931 0.124011 0.0102676 0.029048 0.0121943 0.0406529 0.0189745 0.0170528 0.017517 0.029786 0.0121135 0.0204587 0.0216799 0.0217996 
0.0125117 0.0129004 0.00878461 0.00918188 0.00889902 0.00928897 0.00879526 0.00856165 0.00946608 0.0114486 0.0161471 0.00985066 0.00933912 0.00970596 0.01506 0.0129412 0.0232504 0.0228604 0.0119113 0.0101487 0.00837665 0.0144757 0.0130549 0.0147816 0.00413931 0 0.0328366 0.0349361 0.0114174 0.0309833 0.0354469 0.0258169 0.0240221 0.047904 0.0166845 0.0177553 0.0151254 0.0275579 0.0191677 
0.0163888 0.00891713 0.0109102 0.00809515 0.00943678 0.00843602 0.00847684 0.00809563 0.00960321 0.011844 0.0111844 0.0100419 0.00856107 0.00918281 0.0091158 0.0141027 0.0947422 0.0402458 0.0405363 0.00934845 0.012619 0.00921732 0.0124683 0.0115671 0.124011 0.0328366 0 0.0186556 0.0169325 0.00610422 0.0275606 0.0361174 0.0182183 0.00991388 0.0266087 0.0153696 0.011883 0.018713 0.0657242 
0.0101203 0.0160043 0.00858055 0.0163066 0.00857625 0.0110403 0.00915711 0.00850435 0.00913774 0.0187004 0.0140811 0.00868764 0.0101165 0.00889302 0.0125571 0.0148605 0.0124345 0.0354863 0.0105622 0.0273899 0.00999242 0.0543252 0.0100268 0.0343999 0.0102676 0.0349361 0.0186556 0 0.00373431 0.00401036 0.00434679 0.00728875 0.00846701 0.00887239 0.0194543 0.0155327 0.0111524 0.0292311 0.0295322 
0.0140371 0.00850324 0.0679324 0.00853471 0.0314036 0.0090665 0.00986125 0.00936886 0.0113198 0.00862931 0.00860998 0.0148792 0.00947359 0.0232731 0.0101759 0.0106796 0.0118679 0.00919486 0.0253562 0.00906457 0.203658 0.00978755 0.0428147 0.0093222 0.029048 0.0114174 0.0169325 0.00373431 0 0.00364358 0.0052563 0.00444656 0.00985812 0.0189657 0.0400179 0.0103738 0.0415385 0.0123301 0.0120597 
0.00870171 0.0457011 0.00863604 0.0357121 0.00885305 0.0162235 0.0104871 0.00962601 0.0089488 0.0101808 0.0153475 0.0093815 0.0209945 0.0114196 0.0233635 0.00872279 0.00897252 0.0165313 0.00914535 0.188863 0.00959273 0.0653182 0.01133 0.0108758 0.0121943 0.0309833 0.00610422 0.00401036 0.00364358 0 0.00358487 0.00611989 0.0182182 0.0364358 0.00815452 0.0261465 0.0216864 0.0148826 0.0140354 
0.0319631 0.00982619 0.0244673 0.00847674 0.0173737 0.00977077 0.0102513 0.00928293 0.0113566 0.0105716 0.0129041 0.0193674 0.00946252 0.0156435 0.00932667 0.0162732 0.0281405 0.0137151 0.15035 0.00939221 0.046959 0.0111696 0.0204952 0.0113614 0.0406529 0.0354469 0.0275606 0.00434679 0.0052563 0.00358487 0 0.0133335 0.0384147 0.0160526 0.0258592 0.0209241 0.0111374 0.0509841 0.0216108 
0.00954191 0.0100448 0.00807993 0.00900506 0.00812042 0.00834324 0.00822569 0.00803215 0.00830403 0.0116908 0.0120971 0.00847331 0.00849299 0.00856755 0.00928634 0.0110274 0.0321632 0.0979748 0.0115583 0.0142868 0.00949719 0.0100041 0.00950506 0.0155323 0.0189745 0.0258169 0.0361174 0.00728875 0.00444656 0.00611989 0.0133335 0 0.0124481 0.00576683 0.0048626 0.0112473 0.0117462 0.0204361 0.372764 
0.0118395 0.0093844 0.0118279 0.00943012 0.0123491 0.0101753 0.0091865 0.00887329 0.00940902 0.0134638 0.00943781 0.0106511 0.0110839 0.011923 0.0116396 0.0157088 0.0151612 0.01469 0.0220069 0.0130404 0.0253183 0.0131891 0.0145128 0.0184253 0.0170528 0.0240221 0.0182183 0.00846701 0.00985812 0.0182182 0.0384147 0.0124481 0 0.00381845 0.00429463 0.0278065 0.0154208 0.958969 0.0257935 
0.00877852 0.0167202 0.00885663 0.0138482 0.00959166 0.011783 0.0100237 0.00937744 0.0118207 0.00876411 0.00947388 0.0106932 0.0147743 0.0120755 0.0257265 0.0089537 0.00931835 0.0150172 0.00904907 0.0394486 0.0127754 0.0232803 0.0287772 0.0127177 0.017517 0.047904 0.00991388 0.00887239 0.0189657 0.0364358 0.0160526 0.00576683 0.00381845 0 0.00362964 0.0140328 0.967691 0.0241306 0.0203262 
0.017354 0.00943231 0.0134614 0.00881955 0.0111468 0.00957951 0.0092157 0.00890067 0.00889357 0.00956216 0.0120541 0.0111712 0.0099742 0.0146329 0.00916549 0.0130029 0.0158833 0.0112135 0.0322412 0.00975152 0.0173878 0.012566 0.0133346 0.0100206 0.029786 0.0166845 0.0266087 0.0194543 0.0400179 0.00815452 0.0258592 0.0048626 0.00429463 0.00362964 0 0.978793 0.00879156 0.0635117 0.0234133 
0.00937212 0.0101897 0.0090141 0.00989623 0.00929704 0.0104644 0.00890523 0.00863253 0.0087227 0.0151001 0.00939029 0.00872895 0.0100419 0.00946145 0.0102963 0.0126747 0.0107972 0.0147642 0.0130085 0.0171184 0.0120329 0.0141187 0.0107139 0.0205421 0.0121135 0.0177553 0.0153696 0.0155327 0.0103738 0.0261465 0.0209241 0.0112473 0.0278065 0.0140328 0.978793 0 0.00399312 0.00365131 0.0123162 
0.00919727 0.0113252 0.00997678 0.0103663 0.0114306 0.010318 0.00941748 0.00893897 0.0107031 0.00851537 0.00862053 0.0126312 0.0113561 0.0115877 0.0171772 0.0087573 0.00941413 0.0112267 0.0108786 0.0206224 0.0212217 0.0164725 0.0226275 0.00939028 0.0204587 0.0151254 0.011883 0.0111524 0.0415385 0.0216864 0.0111374 0.0117462 0.0154208 0.967691 0.00879156 0.00399312 0 0.00391298 0.00783283 
0.0120354 0.0104371 0.0106041 0.0096519 0.0103679 0.0103796 0.00933372 0.00947699 0.00939978 0.0109467 0.0126152 0.00984093 0.0107463 0.0124105 0.012961 0.0111674 0.0135502 0.0149547 0.0206059 0.0119453 0.0136689 0.0191269 0.0146298 0.0142909 0.0216799 0.0275579 0.018713 0.0292311 0.0123301 0.0148826 0.0509841 0.0204361 0.958969 0.0241306 0.0635117 0.00365131 0.00391298 0 0.0110863 
0.0113435 0.0109198 0.00876155 0.00937932 0.00849924 0.0088104 0.00851618 0.00823923 0.0085327 0.0123966 0.0138684 0.00905955 0.00897285 0.00908702 0.00986212 0.0108424 0.0254438 0.0904274 0.016472 0.0137603 0.00983327 0.0103997 0.0100955 0.0132181 0.0217996 0.0191677 0.0657242 0.0295322 0.0120597 0.0140354 0.0216108 0.372764 0.0257935 0.0203262 0.0234133 0.0123162 0.00783283 0.0110863 0 
